timestamp	px_est	py_est	v_est	yaw_est	yawrate_est	sensor_type	NIS	px_meas	py_meas	px_gt	py_gt	vx_gt	vy_gt	yaw_gt	yawrate_gt	x_rmse	y_rmse	vx_rmse	vy_rmse
1477010443000000	0.312243	0.58034	1	1	1	L	0	0.312243	0.58034	0.6	0.6	5.19994	0	0	0.00691132	0.287757	0.0196602	4.65963	0.841471
1477010443050000	0.732533	0.630458	4.83349	0.125841	0.963323	R	16.4876	0.862916	0.534212	0.859997	0.600045	5.19975	0.00179686	0.000345566	0.0138215	0.222544	0.0256073	3.30725	0.732775
1477010443100000	1.01065	0.570817	4.95194	-0.502105	0.897633	L	2.78414	1.17385	0.481073	1.11998	0.600225	5.19943	0.00538996	0.00103664	0.0207296	0.192359	0.0269339	2.74549	1.50327
1477010443150000	1.22583	0.524664	5.31778	-0.0889836	1.11248	R	2.8937	0.969149	0.397513	1.37996	0.600629	5.19898	0.0107781	0.00207312	0.0276344	0.183547	0.0445727	2.37817	1.32411
1477010443200000	1.54225	0.540076	5.36611	-0.00795347	1.11744	L	1.22344	1.65063	0.62469	1.6399	0.601347	5.19839	0.0179597	0.00345484	0.0345348	0.169879	0.0483758	2.12842	1.18463
1477010443250000	1.79433	0.548595	5.37083	0.0614555	1.16968	R	0.411478	1.62331	0.499091	1.89982	0.60247	5.19766	0.0269323	0.00518158	0.0414297	0.160947	0.0493348	1.94411	1.08846
1477010443300000	2.09251	0.589989	5.40431	0.13081	1.19912	L	0.752689	2.18882	0.648739	2.1597	0.604086	5.19678	0.0376932	0.00725307	0.0483182	0.151157	0.0459848	1.80093	1.0388
1477010443350000	2.3101	0.6456	5.24459	0.22344	1.30471	R	2.08531	1.96701	0.557117	2.41954	0.606284	5.19573	0.0502389	0.00966898	0.0551989	0.146593	0.0452051	1.68486	1.04821
1477010443400000	2.58257	0.698108	5.2734	0.259854	1.19071	L	0.36814	2.65526	0.66598	2.67932	0.609155	5.1945	0.0645654	0.0124289	0.062071	0.141923	0.0519196	1.58884	1.07781
1477010443450000	2.85696	0.688525	5.28045	0.1948	0.752867	R	1.05888	2.92034	0.645898	2.93904	0.612786	5.19309	0.080668	0.0155325	0.0689333	0.137119	0.0547697	1.50731	1.06496
1477010443500000	3.09557	0.714715	5.25231	0.20012	0.647728	L	0.740664	3.01222	0.637046	3.19869	0.617267	5.19147	0.0985415	0.0189791	0.0757847	0.134384	0.0599192	1.43722	1.05466
1477010443550000	3.39437	0.60152	5.24578	0.0166537	0.014305	R	4.29349	3.56096	0.485311	3.45825	0.622685	5.18963	0.11818	0.0227684	0.0826241	0.129978	0.0576927	1.37613	1.0098
1477010443600000	3.704	0.504947	5.28296	-0.107505	-0.319227	L	4.54035	3.89365	0.311793	3.71772	0.62913	5.18754	0.139576	0.0268996	0.0894504	0.124937	0.0652586	1.32227	0.989773
1477010443650000	3.97879	0.577272	5.34934	-0.0103207	-0.0282021	R	2.31255	4.19786	0.698311	3.97708	0.636689	5.18519	0.162724	0.0313721	0.0962627	0.120393	0.0648588	1.27492	0.955546
1477010443700000	4.25564	0.574558	5.36323	-0.0128407	-0.0298231	L	0.154863	4.30935	0.578564	4.23632	0.645449	5.18256	0.187614	0.0361852	0.10306	0.116417	0.0652783	1.23257	0.925518
1477010443750000	4.51451	0.606494	5.32534	0.0153933	0.0303694	R	0.789524	4.61908	0.68951	4.49542	0.655498	5.17962	0.214238	0.0413382	0.10984	0.112821	0.0643818	1.19398	0.896738
1477010443800000	4.70512	0.714821	5.22401	0.109584	0.209457	L	9.09407	4.35143	0.899174	4.75437	0.666921	5.17634	0.242587	0.0468302	0.116604	0.110103	0.0635307	1.15834	0.87361
1477010443850000	4.95894	0.70934	5.16441	0.0921634	0.158198	R	2.32732	5.20902	0.66599	5.01315	0.679804	5.1727	0.272649	0.0526604	0.123349	0.107761	0.062132	1.12572	0.850339
1477010443900000	5.26486	0.699546	5.22705	0.070692	0.108046	L	3.6269	5.51894	0.648233	5.27175	0.694234	5.16867	0.304413	0.0588279	0.130074	0.104899	0.0604871	1.09575	0.827792
1477010443950000	5.5241	0.706648	5.2556	0.0684305	0.0953047	R	1.52359	5.22835	0.639362	5.53013	0.710295	5.16422	0.337868	0.0653316	0.136779	0.102252	0.0589612	1.06815	0.806847
1477010444000000	5.82246	0.71513	5.30242	0.0640739	0.0814884	L	2.10255	6.022	0.708619	5.78828	0.728072	5.15932	0.372999	0.0721706	0.143463	0.100066	0.0576095	1.04281	0.787436
1477010444050000	6.06813	0.644879	5.22294	0.0118401	-0.00610031	R	4.59006	5.89392	0.373584	6.04618	0.747647	5.15393	0.409793	0.0793437	0.150124	0.097877	0.0603991	1.01894	0.7729
1477010444100000	6.32578	0.747932	5.22334	0.0733469	0.0856912	L	2.69732	6.34249	0.948833	6.30379	0.769103	5.14803	0.448233	0.0868499	0.156761	0.0958352	0.0592362	0.996622	0.756034
1477010444150000	6.57657	0.779688	5.18588	0.0849578	0.0960548	R	0.487568	6.62134	0.836138	6.5611	0.792523	5.14157	0.488305	0.0946879	0.163373	0.0938705	0.0580482	0.975652	0.740181
1477010444200000	6.82797	0.774109	5.17604	0.0738958	0.0738	L	0.341782	6.78214	0.714036	6.81808	0.817988	5.13452	0.52999	0.102857	0.169959	0.0919952	0.0575484	0.955956	0.725829
1477010444250000	7.07238	0.75957	5.09051	0.0585075	0.0472333	R	3.4708	7.29121	0.630741	7.07469	0.845578	5.12685	0.573269	0.111355	0.176519	0.0902099	0.0588979	0.937433	0.713783
1477010444300000	7.29489	0.836928	5.05447	0.0960964	0.0942397	L	2.29638	7.13735	0.957217	7.3309	0.875373	5.11851	0.618123	0.120181	0.183051	0.0887944	0.0582685	0.920063	0.700909
1477010444350000	7.58639	0.850775	5.1568	0.0932499	0.0842936	R	4.48895	8.08349	0.819605	7.58668	0.907449	5.10946	0.664531	0.129333	0.189554	0.0871944	0.0582124	0.903496	0.68916
1477010444400000	7.83968	0.825881	5.14878	0.071775	0.0508367	L	0.797746	7.80533	0.719126	7.84199	0.941886	5.09966	0.712469	0.138811	0.196027	0.085679	0.0611218	0.887807	0.680167
1477010444450000	8.0899	0.8446	5.09074	0.0741399	0.050086	R	2.52872	8.40453	0.884557	8.0968	0.978759	5.08907	0.761915	0.148612	0.202468	0.0842483	0.0648945	0.872888	0.672416
1477010444500000	8.3296	0.857825	5.07246	0.0742345	0.0469952	L	0.3641	8.24796	0.840322	8.35106	1.01814	5.07766	0.812843	0.158735	0.208879	0.0829678	0.0700323	0.858701	0.666114
1477010444550000	8.59704	0.946114	5.16271	0.111298	0.0920403	R	6.38903	8.45858	1.41118	8.60472	1.06011	5.06537	0.865226	0.169179	0.215255	0.0816725	0.0718147	0.845256	0.657649
1477010444600000	8.83607	1.00052	5.14297	0.129204	0.109025	L	0.583843	8.74615	1.04858	8.85775	1.10473	5.05216	0.919037	0.179942	0.221599	0.080514	0.0730079	0.832392	0.649144
1477010444650000	9.12482	1.0399	5.1987	0.135677	0.110031	R	6.81042	9.8809	1.1419	9.1101	1.15208	5.03798	0.974245	0.191022	0.227907	0.0793613	0.0744547	0.820289	0.641214
1477010444700000	9.36378	1.06957	5.17441	0.139094	0.107504	L	0.629187	9.25579	1.04913	9.36172	1.20223	5.0228	1.03082	0.202417	0.234179	0.0782201	0.0767328	0.808668	0.634204
1477010444750000	9.64219	1.14246	5.2257	0.160862	0.128049	R	4.4014	10.1016	1.52474	9.61255	1.25524	5.00656	1.08873	0.214126	0.240414	0.0772841	0.0779597	0.797758	0.62674
1477010444800000	9.91603	1.26638	5.26	0.205718	0.176728	L	2.95827	10.0484	1.44598	9.86254	1.31118	4.98922	1.14794	0.226147	0.246611	0.0767381	0.0772508	0.787342	0.61833
1477010444850000	10.1646	1.35709	5.20192	0.234205	0.203937	R	4.78372	10.5377	1.72555	10.1117	1.37011	4.97074	1.20841	0.238478	0.252769	0.0762073	0.0762568	0.777048	0.61014
1477010444900000	10.391	1.43595	5.17228	0.254532	0.217166	L	1.09815	10.2492	1.45907	10.3598	1.4321	4.95106	1.2701	0.251116	0.258887	0.0753901	0.0752753	0.767071	0.602289
1477010444950000	10.6231	1.52238	5.08487	0.279513	0.239064	R	4.12423	10.9084	1.70343	10.6069	1.49721	4.93014	1.33298	0.26406	0.264964	0.0744857	0.0744349	0.757452	0.594815
1477010445000000	10.8504	1.5516	5.05201	0.272746	0.215742	L	1.33805	10.7313	1.45265	10.853	1.56549	4.90794	1.39701	0.277309	0.271	0.0735728	0.0735535	0.748187	0.587544
1477010445050000	11.1157	1.60333	5.09204	0.272281	0.200208	R	1.94403	11.4783	1.42876	11.0979	1.637	4.8844	1.46213	0.290859	0.276993	0.0727433	0.0728581	0.739233	0.580683
1477010445100000	11.3958	1.64702	5.12901	0.266533	0.179757	L	2.01107	11.587	1.61462	11.3416	1.71179	4.85948	1.52832	0.304708	0.282942	0.0723663	0.0726802	0.730711	0.574529
1477010445150000	11.6273	1.7049	5.08065	0.273014	0.178037	R	0.922189	11.4763	1.53917	11.584	1.78992	4.83313	1.59551	0.318855	0.288846	0.0718364	0.0729839	0.722415	0.56898
1477010445200000	11.8582	1.76797	5.06184	0.280212	0.176069	L	0.354422	11.7788	1.74591	11.8251	1.87144	4.80531	1.66366	0.333298	0.294705	0.0712051	0.0737982	0.714398	0.563995
1477010445250000	12.1134	1.85796	5.11811	0.295214	0.18196	R	1.35042	12.136	2.14937	12.0647	1.95639	4.77598	1.73273	0.348033	0.300517	0.0707915	0.0744205	0.706814	0.558986
1477010445300000	12.3573	1.88476	5.09907	0.281318	0.153113	L	0.728289	12.3226	1.78353	12.3029	2.04482	4.74508	1.80265	0.363059	0.306282	0.0704834	0.0772378	0.699613	0.555882
1477010445350000	12.6131	1.94492	5.14242	0.280758	0.140837	R	0.936685	12.5457	1.77728	12.5394	2.13677	4.71257	1.87338	0.378373	0.311998	0.070551	0.0812907	0.693072	0.553857
1477010445400000	12.8134	2.07971	5.10954	0.322634	0.184828	L	3.29257	12.5924	2.17509	12.7743	2.23227	4.67842	1.94485	0.393973	0.317665	0.0700495	0.0833564	0.686381	0.550136
1477010445450000	13.0794	2.18657	5.20075	0.337757	0.18831	R	3.436	13.2198	2.66441	13.0075	2.33137	4.64258	2.01701	0.409856	0.323282	0.0700877	0.0850214	0.68051	0.546188
1477010445500000	13.2827	2.32809	5.17295	0.377604	0.226631	L	2.5196	13.0875	2.40708	13.2388	2.43409	4.605	2.08981	0.42602	0.328848	0.0696691	0.0854821	0.674408	0.54141
1477010445550000	13.4626	2.47579	5.0613	0.425291	0.278708	R	10.8894	12.7087	3.12439	13.4682	2.54047	4.56565	2.16317	0.442462	0.334362	0.0690003	0.0851299	0.66792	0.53628
1477010445600000	13.7123	2.59012	5.09055	0.4403	0.279706	L	0.858245	13.836	2.62479	13.6955	2.65053	4.52448	2.23703	0.459181	0.339823	0.0683851	0.0847302	0.661682	0.531277
1477010445650000	13.9318	2.70432	5.06953	0.458775	0.286833	R	0.210406	13.8302	2.73893	13.9208	2.7643	4.48147	2.31134	0.476172	0.34523	0.0677655	0.0843378	0.655584	0.526412
1477010445700000	14.1604	2.85722	5.09459	0.490472	0.307993	L	0.585007	14.2106	2.94205	14.1439	2.88179	4.43656	2.38601	0.493433	0.350583	0.0671836	0.0836332	0.649643	0.521608
1477010445750000	14.4102	2.96572	5.16095	0.490828	0.282989	R	1.51126	14.5568	2.87021	14.3646	3.00303	4.38974	2.46099	0.510962	0.355881	0.066859	0.0830329	0.64418	0.516944
1477010445800000	14.6178	3.03683	5.10623	0.485019	0.259163	L	2.25835	14.4616	2.90734	14.583	3.12802	4.34097	2.5362	0.528756	0.361122	0.0664301	0.083183	0.638931	0.512803
1477010445850000	14.8486	3.18986	5.16632	0.508152	0.267291	R	3.78872	14.6754	3.96041	14.7989	3.25679	4.29021	2.61157	0.546812	0.366307	0.0661771	0.0829298	0.634078	0.508526
1477010445900000	15.0556	3.38265	5.19013	0.553416	0.306288	L	1.10799	15.0261	3.5067	15.0122	3.38932	4.23744	2.68703	0.565128	0.371433	0.0658571	0.0822286	0.629108	0.504226
1477010445950000	15.2662	3.5504	5.1767	0.58654	0.332239	R	2.52584	15.3685	4.14761	15.2228	3.52563	4.18263	2.76249	0.583699	0.376501	0.0655463	0.0816031	0.624065	0.500182
1477010446000000	15.4797	3.73727	5.20695	0.621158	0.353891	L	0.633264	15.5236	3.82936	15.4306	3.66572	4.12575	2.83789	0.602525	0.381509	0.0653102	0.0814483	0.619085	0.496677
1477010446050000	15.6913	3.87199	5.19294	0.630948	0.34465	R	0.991119	15.7234	3.4105	15.6355	3.80957	4.06678	2.91315	0.6216	0.386458	0.0651676	0.0811767	0.614281	0.493024
1477010446100000	15.9136	4.01374	5.1982	0.639762	0.33426	L	0.236592	15.9774	4.00094	15.8375	3.95719	4.00571	2.98817	0.640923	0.391345	0.0653559	0.0808445	0.609739	0.489311
1477010446150000	16.1086	4.17886	5.15252	0.668672	0.357355	R	1.77546	16.3376	4.21632	16.0363	4.10854	3.94251	3.0629	0.66049	0.39617	0.0654696	0.0806906	0.605087	0.485751
1477010446200000	16.3061	4.37278	5.17757	0.700251	0.373669	L	0.361343	16.3313	4.44499	16.2319	4.26363	3.87716	3.13723	0.680299	0.400933	0.0656139	0.081204	0.6005	0.482633
1477010446250000	16.5162	4.537	5.1949	0.71281	0.364463	R	0.653025	16.7586	4.48231	16.4242	4.42242	3.80966	3.21109	0.700345	0.405632	0.0660931	0.0818112	0.596118	0.479511
1477010446300000	16.6949	4.70409	5.17471	0.733084	0.367306	L	0.479778	16.6039	4.67344	16.613	4.5849	3.74	3.28438	0.720627	0.410268	0.0663572	0.0824937	0.591793	0.476417
1477010446350000	16.8466	4.90045	5.08534	0.782541	0.423143	R	4.50494	16.9236	5.10119	16.7983	4.75103	3.66817	3.35704	0.74114	0.414838	0.0661272	0.0838658	0.587473	0.473713
1477010446400000	17.011	5.12411	5.11356	0.823192	0.446291	L	0.520412	16.9955	5.21099	16.9799	4.92077	3.59416	3.42897	0.761882	0.419343	0.0657528	0.0867802	0.583372	0.471852
1477010446450000	17.1803	5.29642	5.08142	0.842798	0.447326	R	1.74868	17.3421	4.64623	17.1579	5.09409	3.51797	3.50008	0.782849	0.423782	0.0653366	0.0894877	0.579422	0.469778
1477010446500000	17.3404	5.47556	5.06274	0.862517	0.444508	L	0.223563	17.2894	5.43542	17.3319	5.27094	3.4396	3.57028	0.804038	0.428154	0.0648828	0.0921138	0.575588	0.467597
1477010446550000	17.4958	5.64731	5.01467	0.883171	0.448991	R	3.25925	17.6463	4.74597	17.5019	5.45128	3.35907	3.63949	0.825446	0.432459	0.0644347	0.0943443	0.571954	0.465168
1477010446600000	17.6907	5.76802	4.96622	0.869038	0.406073	L	1.94635	17.7853	5.62476	17.6679	5.63506	3.27637	3.70762	0.847069	0.436695	0.0640473	0.0949794	0.568083	0.462078
1477010446650000	17.8329	5.96695	4.93105	0.903604	0.432679	R	1.05916	17.9216	6.07151	17.8297	5.82221	3.19151	3.77458	0.868904	0.440862	0.0636141	0.0958241	0.564467	0.45909
1477010446700000	18.008	6.15446	4.94321	0.91528	0.420543	L	0.758788	18.1263	6.16985	17.9872	6.01269	3.10453	3.84027	0.890947	0.444959	0.0632344	0.0965807	0.56079	0.456109
1477010446750000	18.1569	6.36291	4.95702	0.939713	0.424294	R	0.673557	18.1245	6.79027	18.1402	6.20641	3.01542	3.90462	0.913195	0.448987	0.0628461	0.0976081	0.557186	0.453236
1477010446800000	18.2786	6.5987	4.97994	0.978825	0.445282	L	0.503136	18.2164	6.66138	18.2888	6.40332	2.92421	3.96753	0.935644	0.452943	0.0624474	0.0994957	0.553804	0.450676
1477010446850000	18.4096	6.81366	4.97649	1.00727	0.455647	R	0.235354	18.4022	7.02231	18.4328	6.60333	2.83093	4.0289	0.958291	0.456828	0.0621012	0.101684	0.550589	0.448232
1477010446900000	18.5591	6.94881	4.89751	1.00034	0.421754	L	2.22183	18.5422	6.76013	18.572	6.80638	2.7356	4.08867	0.981133	0.46064	0.0617239	0.102301	0.547189	0.445402
1477010446950000	18.7086	7.15486	4.92983	1.00897	0.39906	R	0.664551	18.8089	7.24388	18.7064	7.01237	2.63825	4.14672	1.00417	0.46438	0.0613374	0.102901	0.54376	0.442618
1477010447000000	18.9074	7.29097	4.88618	0.984177	0.34693	L	4.09119	19.1441	7.18344	18.8359	7.22122	2.53893	4.20299	1.02738	0.468047	0.0614731	0.102557	0.540707	0.440128
1477010447050000	18.9944	7.49635	4.81763	1.02715	0.391335	R	4.07041	18.5479	7.4012	18.9604	7.43283	2.43767	4.25737	1.05079	0.47164	0.0612126	0.10217	0.537433	0.437688
1477010447100000	19.0853	7.75771	4.86545	1.07297	0.421725	L	1.14333	19.0138	7.8688	19.0798	7.64712	2.3345	4.3098	1.07437	0.475158	0.0608458	0.102276	0.534187	0.43506
1477010447150000	19.2062	7.965	4.86625	1.0876	0.411614	R	0.297484	19.3089	7.67375	19.1939	7.86397	2.22949	4.36017	1.09813	0.478601	0.0604974	0.102261	0.531009	0.432499
1477010447200000	19.2856	8.18026	4.84578	1.11861	0.424059	L	1.3824	19.132	8.12845	19.3028	8.08329	2.12266	4.40842	1.12206	0.481969	0.0601693	0.102201	0.527877	0.429981
1477010447250000	19.3849	8.39099	4.84743	1.13402	0.410494	R	2.28457	19.0239	8.17194	19.4062	8.30497	2.01409	4.45445	1.14615	0.48526	0.0598626	0.102027	0.524814	0.427526
1477010447300000	19.4808	8.53859	4.74851	1.13715	0.39163	L	3.94334	19.347	8.30741	19.5042	8.5289	1.90381	4.49819	1.17042	0.488475	0.0595706	0.101444	0.521881	0.425545
1477010447350000	19.5715	8.74794	4.72544	1.16084	0.401323	R	0.574156	19.6843	8.35902	19.5966	8.75494	1.7919	4.53956	1.19484	0.491613	0.0592919	0.100869	0.518999	0.423688
1477010447400000	19.7345	8.92026	4.70126	1.14397	0.358972	L	4.17786	20.0039	8.8906	19.6835	8.983	1.67841	4.57848	1.21942	0.494673	0.0592053	0.100521	0.516855	0.422492
1477010447450000	19.8071	9.14255	4.67894	1.17906	0.388596	R	1.02438	19.6061	9.48659	19.7645	9.21294	1.56341	4.61488	1.24416	0.497655	0.0590465	0.100236	0.514513	0.421252
1477010447500000	19.938	9.36662	4.70973	1.18391	0.371449	L	2.98006	20.1574	9.45949	19.8398	9.44463	1.44697	4.64869	1.26904	0.500558	0.0596167	0.100019	0.512846	0.42001
1477010447550000	19.9823	9.58985	4.66259	1.23144	0.421709	R	2.71355	19.6163	9.76606	19.9093	9.67795	1.32916	4.67984	1.29407	0.503383	0.0597787	0.0998968	0.510581	0.418763
1477010447600000	20.0697	9.82869	4.69338	1.25196	0.420727	L	0.739888	20.1573	9.90876	19.9728	9.91275	1.21005	4.70826	1.31923	0.506127	0.0603005	0.0997398	0.50855	0.417321
1477010447650000	20.1302	10.0771	4.73516	1.27801	0.41995	R	7.14016	19.1911	11.5493	20.0303	10.1489	1.08972	4.73389	1.34454	0.508793	0.0608585	0.099484	0.506643	0.415608
1477010447700000	20.1779	10.3488	4.79092	1.31522	0.437757	L	0.8921	20.166	10.4687	20.0818	10.3863	0.968259	4.75666	1.36998	0.511377	0.061335	0.0990335	0.504585	0.413603
1477010447750000	20.1929	10.5857	4.76065	1.36505	0.484155	R	2.92112	19.6774	10.803	20.1271	10.6247	0.845742	4.77652	1.39555	0.513881	0.0613836	0.0985965	0.502117	0.411614
1477010447800000	20.2512	10.8578	4.81976	1.39142	0.485642	L	2.01068	20.371	11.0109	20.1663	10.864	0.722256	4.7934	1.42124	0.516304	0.061672	0.098089	0.499718	0.409519
1477010447850000	20.2803	11.1139	4.84976	1.4202	0.485993	R	4.88185	19.4335	12.3402	20.1993	11.1041	0.597892	4.80727	1.44706	0.518645	0.0618986	0.0975923	0.497334	0.407427
1477010447900000	20.3145	11.3523	4.84771	1.44386	0.485324	L	0.00120794	20.3164	11.3483	20.2261	11.3449	0.472738	4.81807	1.47299	0.520904	0.0622227	0.097101	0.495019	0.405365
1477010447950000	20.2586	11.6024	4.80803	1.52444	0.579728	R	10.5885	19.2063	12.2418	20.2466	11.5861	0.346889	4.82575	1.49904	0.523081	0.0619224	0.0966281	0.492694	0.403339
1477010448000000	20.3307	11.842	4.8163	1.52781	0.551006	L	4.82658	20.6141	11.9422	20.2608	11.8275	0.220439	4.83027	1.52519	0.525176	0.0620065	0.0961592	0.490251	0.401342
1477010448050000	20.3577	12.0758	4.83185	1.53028	0.499603	R	3.74425	19.966	11.9688	20.2687	12.0692	0.093487	4.83159	1.55145	0.527187	0.0623284	0.0956889	0.487946	0.39937
1477010448100000	20.3442	12.3619	4.89748	1.56782	0.511884	L	1.10593	20.3263	12.4966	20.2701	12.3108	-0.0338694	4.82968	1.57781	0.529115	0.0624535	0.0953564	0.485595	0.397483
1477010448150000	20.2934	12.6011	4.86574	1.62834	0.57473	R	3.16601	20.0192	12.4823	20.2652	12.5522	-0.161529	4.82451	1.60426	0.53096	0.062214	0.095018	0.483394	0.39558
1477010448200000	20.3188	12.8401	4.85956	1.6399	0.556025	L	1.88349	20.498	12.8924	20.254	12.7933	-0.28939	4.81605	1.63081	0.532721	0.0622393	0.0946744	0.481108	0.393704
1477010448250000	20.3062	13.0717	4.84098	1.66618	0.558011	R	2.10593	20.9151	12.2555	20.2363	13.0339	-0.417348	4.80428	1.65745	0.534397	0.0623164	0.0942983	0.478852	0.391846
1477010448300000	20.2711	13.2851	4.80116	1.69604	0.561139	L	1.03206	20.1943	13.1688	20.2122	13.2738	-0.545298	4.78918	1.68417	0.53599	0.0622854	0.0938629	0.476638	0.390018
1477010448350000	20.2327	13.5199	4.80232	1.72173	0.55219	R	1.29917	19.858	13.5236	20.1818	13.5129	-0.673135	4.77072	1.71097	0.537498	0.06219	0.0934298	0.47445	0.388214
1477010448400000	20.2123	13.7781	4.83139	1.74249	0.544021	L	1.31452	20.3245	13.8896	20.1449	13.7509	-0.800753	4.74892	1.73784	0.53892	0.0622402	0.0930366	0.472275	0.386431
1477010448450000	20.1563	14.0057	4.81423	1.77944	0.563244	R	0.841187	20.3387	13.5307	20.1017	13.9878	-0.928043	4.72374	1.76479	0.540258	0.0621754	0.0926286	0.470169	0.384673
1477010448500000	20.101	14.2605	4.84514	1.80849	0.563464	L	0.346203	20.1216	14.337	20.0521	14.2233	-1.0549	4.69521	1.7918	0.54151	0.0620688	0.0922778	0.468118	0.382938
1477010448550000	20.0292	14.4895	4.84154	1.83977	0.564854	R	1.37717	19.6717	14.4038	19.9962	14.4573	-1.18121	4.66331	1.81888	0.542677	0.0618698	0.0919152	0.466129	0.381225
1477010448600000	19.9204	14.7437	4.8879	1.88326	0.580247	L	1.18559	19.781	14.773	19.934	14.6897	-1.30687	4.62805	1.84601	0.543759	0.0616085	0.0916485	0.464427	0.379541
1477010448650000	19.8543	14.962	4.86898	1.89911	0.552801	R	3.41202	20.1149	14.0165	19.8655	14.9202	-1.43177	4.58944	1.8732	0.544754	0.0613467	0.0913295	0.462567	0.377877
1477010448700000	19.8241	15.1798	4.83114	1.90798	0.53357	L	2.18701	20.0208	15.2053	19.7908	15.1486	-1.55581	4.54751	1.90044	0.545663	0.0611583	0.0909779	0.460569	0.376232
1477010448750000	19.6908	15.3897	4.80903	1.98638	0.639461	R	7.82586	20.0157	15.3443	19.7099	15.3749	-1.67887	4.50226	1.92772	0.546486	0.0609199	0.0905953	0.459227	0.374728
1477010448800000	19.6617	15.5781	4.73054	1.994	0.615143	L	3.66507	19.9131	15.554	19.6229	15.5989	-1.80085	4.45372	1.95504	0.547223	0.060765	0.0902276	0.457448	0.373349
1477010448850000	19.5683	15.7834	4.7153	2.01981	0.605436	R	1.35817	19.9388	15.0864	19.5298	15.8203	-1.92164	4.40193	1.98241	0.547873	0.0606109	0.0899085	0.455652	0.372034
1477010448900000	19.4645	15.9967	4.71816	2.04923	0.604451	L	0.0147325	19.4748	16.0098	19.4307	16.039	-2.04114	4.3469	2.0098	0.548437	0.060435	0.089614	0.453892	0.370752
1477010448950000	19.3636	16.2051	4.71584	2.0637	0.569246	R	1.85257	19.1556	16.0022	19.3257	16.2549	-2.15925	4.28868	2.03722	0.548915	0.0602822	0.0893557	0.452045	0.369408
1477010449000000	19.2543	16.3826	4.67239	2.09357	0.571846	L	0.69308	19.238	16.2719	19.2148	16.4679	-2.27586	4.22731	2.06467	0.549305	0.0601398	0.0893228	0.450203	0.368238
1477010449050000	19.1366	16.5793	4.6655	2.1232	0.574959	R	0.274356	19.4007	16.2962	19.0981	16.6777	-2.39087	4.16284	2.09213	0.549609	0.0599938	0.089401	0.448384	0.367134
1477010449100000	19.0062	16.7893	4.68771	2.1519	0.574368	L	0.139256	19.0029	16.8387	18.9757	16.8841	-2.50418	4.0953	2.11961	0.549826	0.0598127	0.0894462	0.446601	0.365987
1477010449150000	18.8489	16.9812	4.70208	2.21248	0.64363	R	6.48894	18.8373	17.7112	18.8477	17.0872	-2.61571	4.02476	2.1471	0.549957	0.0595711	0.089591	0.445155	0.365244
1477010449200000	18.6749	17.2162	4.79156	2.24716	0.644064	L	1.8446	18.6148	17.3832	18.7142	17.2866	-2.72534	3.95127	2.1746	0.55	0.0594365	0.0894537	0.444047	0.364285
1477010449250000	18.5733	17.4209	4.77166	2.22899	0.543695	R	6.1297	18.8177	17.0316	18.5752	17.4822	-2.83299	3.87489	2.2021	0.549957	0.0592005	0.0892651	0.442347	0.362946
1477010449300000	18.3594	17.6127	4.83285	2.27635	0.563379	L	3.83132	18.1023	17.5529	18.4309	17.674	-2.93858	3.79568	2.2296	0.549826	0.0593077	0.0890793	0.440943	0.361663
1477010449350000	18.2233	17.8045	4.82361	2.27836	0.508954	R	2.32456	18.2749	17.4877	18.2814	17.8617	-3.042	3.71372	2.25709	0.549609	0.0592984	0.0888749	0.439295	0.360272
1477010449400000	18.092	17.9907	4.8054	2.29425	0.49939	L	0.905522	18.2094	18.0461	18.1268	18.0453	-3.14318	3.62906	2.28457	0.549305	0.0591472	0.0886602	0.437601	0.358881
1477010449450000	17.9161	18.1453	4.79038	2.33859	0.536424	R	2.03333	18.3021	17.498	17.9671	18.2246	-3.24204	3.5418	2.31204	0.548915	0.0590891	0.0885921	0.435979	0.357596
1477010449500000	17.7853	18.2879	4.72097	2.35998	0.53225	L	1.09863	17.9018	18.2183	17.8026	18.3994	-3.3385	3.45199	2.33948	0.548437	0.0588827	0.0887893	0.434313	0.3564
1477010449550000	17.6521	18.4691	4.70477	2.36669	0.502868	R	6.63744	18.8558	18.1365	17.6334	18.5697	-3.43247	3.35973	2.3669	0.547873	0.0586819	0.0888851	0.432709	0.355097
1477010449600000	17.4576	18.6508	4.75235	2.39442	0.504579	L	0.488034	17.3845	18.7039	17.4595	18.7353	-3.5239	3.26509	2.3943	0.547223	0.0584611	0.0888529	0.431091	0.353773
1477010449650000	17.2769	18.7918	4.73693	2.43021	0.524193	R	1.78185	17.7945	18.0801	17.281	18.8962	-3.61271	3.16817	2.42166	0.546486	0.0582437	0.0889786	0.429485	0.35251
1477010449700000	17.1157	18.9285	4.698	2.45463	0.523093	L	0.324569	17.1762	18.8863	17.0983	19.0521	-3.69883	3.06904	2.44898	0.545663	0.058047	0.0892845	0.42793	0.351287
1477010449750000	16.9485	19.0988	4.7059	2.46632	0.500926	R	3.02618	16.9398	19.7311	16.9113	19.203	-3.78221	2.9678	2.47627	0.544754	0.0579212	0.0894028	0.426456	0.35
1477010449800000	16.7315	19.2146	4.70835	2.50698	0.517273	L	2.71716	16.5734	19.052	16.7201	19.3488	-3.86278	2.86455	2.5035	0.543759	0.0577176	0.0898111	0.42494	0.348777
1477010449850000	16.5413	19.3678	4.7264	2.53119	0.519945	R	3.24369	16.1674	20.2201	16.5251	19.4894	-3.9405	2.75938	2.53069	0.542677	0.0575246	0.090081	0.423437	0.347537
1477010449900000	16.3161	19.5292	4.79059	2.55682	0.518215	L	0.864526	16.2338	19.6171	16.3262	19.6246	-4.01531	2.65237	2.55783	0.54151	0.0573238	0.0901207	0.421915	0.346285
1477010449950000	16.0932	19.6122	4.7721	2.60864	0.558469	R	10.0917	16.4366	18.2742	16.1237	19.7545	-4.08716	2.54364	2.5849	0.540258	0.0571769	0.0906005	0.42041	0.345193
1477010450000000	15.8877	19.7562	4.79596	2.62888	0.5499	L	0.770866	15.9243	19.8703	15.9176	19.8789	-4.15602	2.43329	2.61191	0.53892	0.0570295	0.0908682	0.418921	0.344034
1477010450050000	15.6993	19.881	4.76708	2.63302	0.500458	R	3.20001	16.2328	19.2166	15.7082	19.9978	-4.22185	2.32141	2.63886	0.537498	0.0568333	0.0910768	0.417472	0.34282
1477010450100000	15.4684	20.0344	4.83123	2.65062	0.49119	L	1.34394	15.4332	20.1836	15.4956	20.111	-4.28461	2.2081	2.66574	0.53599	0.0566797	0.0909838	0.416014	0.341669
1477010450150000	15.2566	20.1766	4.85436	2.66158	0.47045	R	5.66058	14.3677	21.3406	15.2799	20.2185	-4.34427	2.09347	2.69253	0.534397	0.0565159	0.0907346	0.41458	0.340705
1477010450200000	15.0683	20.3083	4.83882	2.67282	0.457972	L	1.83913	15.2016	20.4385	15.0613	20.3203	-4.4008	1.97763	2.71925	0.532721	0.0563236	0.0904266	0.413207	0.339969
1477010450250000	14.8378	20.3908	4.83833	2.71093	0.482211	R	2.16261	14.7476	19.9571	14.84	20.4162	-4.4542	1.86068	2.74589	0.53096	0.0561307	0.0901411	0.411817	0.339059
1477010450300000	14.6221	20.51	4.84931	2.7275	0.47416	L	0.623528	14.6665	20.6088	14.6161	20.5063	-4.50443	1.74272	2.77244	0.529115	0.0559417	0.0898345	0.410449	0.338341
1477010450350000	14.3852	20.5972	4.86805	2.7643	0.501137	R	1.29694	13.841	21.0031	14.3897	20.5904	-4.55149	1.62386	2.79889	0.527187	0.0557536	0.0895322	0.409065	0.337484
1477010450400000	14.1388	20.6713	4.88347	2.79662	0.508407	L	0.729191	14.0521	20.5924	14.1611	20.6686	-4.59537	1.50421	2.82525	0.525176	0.0555963	0.0892315	0.40769	0.336566
1477010450450000	13.9016	20.7427	4.89268	2.83233	0.530067	R	0.368484	13.8232	20.859	13.9304	20.7408	-4.63606	1.38386	2.85151	0.523081	0.0554605	0.0889337	0.406334	0.335552
1477010450500000	13.6275	20.8064	4.94195	2.86722	0.537799	L	1.72518	13.4686	20.7253	13.6977	20.807	-4.67357	1.26294	2.87767	0.520904	0.0555713	0.0886387	0.405043	0.334496
1477010450550000	13.379	20.8374	4.94964	2.92106	0.590465	R	2.34475	13.8263	20.4261	13.4632	20.8671	-4.70789	1.14153	2.90371	0.518645	0.0558078	0.0883794	0.40383	0.333428
1477010450600000	13.133	20.8781	4.94859	2.95441	0.594486	L	0.160969	13.1072	20.8294	13.2271	20.9211	-4.73904	1.01975	2.92964	0.516304	0.0561427	0.0881585	0.402631	0.332433
1477010450650000	12.9011	20.9369	4.93985	2.97554	0.582923	R	1.78054	13.2669	21.1579	12.9895	20.969	-4.76702	0.897694	2.95546	0.513881	0.0564118	0.0879098	0.40141	0.331416
1477010450700000	12.7017	20.9801	4.8798	2.99835	0.577985	L	1.9405	12.8729	21.0592	12.7506	21.0108	-4.79186	0.775469	2.98115	0.511377	0.0563666	0.0876606	0.400125	0.330406
1477010450750000	12.4489	21.021	4.90317	3.02619	0.578653	R	2.5614	11.5171	21.6724	12.5106	21.0465	-4.81358	0.653175	3.00672	0.508793	0.0564023	0.0874031	0.398866	0.329422
1477010450800000	12.2022	21.058	4.91361	3.05091	0.573871	L	0.148494	12.2062	21.11	12.2695	21.0761	-4.83219	0.530912	3.03216	0.506127	0.0564781	0.0871362	0.397624	0.328443
1477010450850000	11.9636	21.0779	4.91022	3.08202	0.581951	R	0.942663	12.3859	21.1066	12.0276	21.0996	-4.84773	0.408778	3.05747	0.503383	0.0565288	0.0868772	0.396387	0.327533
1477010450900000	11.7212	21.048	4.88858	3.12604	0.5985	L	1.88556	11.6814	20.8651	11.785	21.117	-4.86022	0.286869	3.08264	0.500558	0.0565771	0.0867762	0.395145	0.326929
1477010450950000	11.4742	21.0347	4.88761	3.16129	0.604479	R	1.07229	11.5265	20.6748	11.5418	21.1283	-4.86971	0.165281	3.10767	0.497655	0.0566523	0.0868209	0.39391	0.326561
1477010451000000	11.2587	21.0276	4.84578	3.19035	0.60456	L	0.693525	11.363	21.0688	11.2982	21.1335	-4.87623	0.0441057	3.13255	0.494673	0.0565617	0.0869528	0.392695	0.326294
1477010451050000	11.0046	20.9891	4.85783	3.22974	0.614414	R	4.1248	10.5558	20.5567	11.0544	21.1327	-4.87982	-0.076565	3.15728	0.491613	0.0565223	0.0874157	0.391495	0.326453
1477010451100000	10.7949	20.9504	4.80706	3.26581	0.621871	L	0.577046	10.8903	20.927	10.8105	21.1259	-4.88053	-0.196643	3.18186	0.488475	0.0563618	0.0882249	0.390388	0.326946
1477010451150000	10.547	20.9498	4.79576	3.26974	0.568261	R	5.64676	9.30535	21.3896	10.5666	21.1131	-4.8784	-0.31604	3.20629	0.48526	0.0562106	0.0888749	0.389312	0.326771
1477010451200000	10.2654	20.9782	4.87292	3.27261	0.537801	L	3.41678	10.189	21.209	10.3229	21.0943	-4.87349	-0.434674	3.23055	0.481969	0.0562184	0.0890655	0.388145	0.326159
1477010451250000	10.0266	20.9598	4.8686	3.29142	0.526336	R	1.02138	9.97958	21.2932	10.0795	21.0697	-4.86585	-0.552463	3.25465	0.478601	0.056199	0.0892054	0.386995	0.325456
1477010451300000	9.83362	20.9202	4.79822	3.32014	0.531071	L	1.67346	9.99634	20.9797	9.83658	21.0391	-4.85554	-0.669327	3.27858	0.475158	0.056031	0.0894129	0.385973	0.324788
1477010451350000	9.59958	20.9119	4.76561	3.31759	0.475944	R	2.29689	9.38223	21.111	9.59422	21.0028	-4.84262	-0.785189	3.30234	0.47164	0.0558655	0.089422	0.384998	0.323843
1477010451400000	9.40727	20.8596	4.70307	3.34728	0.484045	L	1.02402	9.53921	20.8762	9.35258	20.9607	-4.82714	-0.899977	3.32592	0.468047	0.0558586	0.0894955	0.384241	0.322917
1477010451450000	9.18655	20.8177	4.69275	3.36977	0.48427	R	1.47691	9.63392	20.9724	9.11177	20.9128	-4.80919	-1.01362	3.34932	0.46438	0.0559886	0.0895299	0.383544	0.321986
1477010451500000	8.89285	20.7873	4.79086	3.37855	0.465033	L	2.2454	8.70331	20.8221	8.87192	20.8594	-4.78881	-1.12605	3.37254	0.46064	0.0558475	0.089438	0.382554	0.321044
1477010451550000	8.67879	20.7074	4.76966	3.41383	0.482095	R	4.44959	9.84634	20.009	8.63315	20.8003	-4.76608	-1.2372	3.39557	0.456828	0.0557936	0.0894585	0.381666	0.320128
1477010451600000	8.40217	20.6242	4.84217	3.43956	0.48219	L	2.79047	8.22277	20.4839	8.39557	20.7358	-4.74108	-1.34701	3.41841	0.452943	0.0556344	0.0896018	0.380657	0.319251
1477010451650000	8.17371	20.5439	4.84637	3.469	0.492096	R	0.103809	8.29647	20.4978	8.1593	20.6657	-4.71387	-1.45542	3.44106	0.448987	0.0554851	0.0898197	0.379679	0.318429
1477010451700000	7.93118	20.4642	4.86733	3.4916	0.489426	L	0.127811	7.88599	20.45	7.92445	20.5903	-4.68453	-1.56237	3.46351	0.444959	0.0553286	0.0900687	0.378688	0.31762
1477010451750000	7.71531	20.3776	4.87068	3.52538	0.512108	R	3.4988	8.29081	20.6565	7.69111	20.5096	-4.65313	-1.66781	3.48576	0.440862	0.0552014	0.0903616	0.377752	0.316934
1477010451800000	7.40548	20.3205	4.98845	3.52506	0.480945	L	3.45177	7.18029	20.392	7.45939	20.4237	-4.61975	-1.7717	3.5078	0.436695	0.0551942	0.0904389	0.376683	0.316118
1477010451850000	7.17336	20.224	4.98659	3.54706	0.475534	R	0.219498	7.09214	20.1196	7.22939	20.3326	-4.58448	-1.87399	3.52963	0.432459	0.0551989	0.0905504	0.375624	0.315306
1477010451900000	6.90837	20.1417	5.03595	3.55812	0.460473	L	0.66097	6.81542	20.1859	7.00119	20.2364	-4.54738	-1.97462	3.55126	0.428154	0.05548	0.0905741	0.374598	0.314459
1477010451950000	6.68277	20.0502	5.01958	3.57393	0.448113	R	0.482517	6.89359	20.1536	6.7749	20.1352	-4.50854	-2.07357	3.57266	0.423782	0.0557501	0.0905439	0.373574	0.313592
1477010452000000	6.43473	19.9591	5.04552	3.58668	0.436988	L	0.307705	6.38914	20.0137	6.55059	20.0292	-4.46805	-2.17079	3.59385	0.419343	0.0562589	0.0904434	0.372595	0.312724
1477010452050000	6.21768	19.8655	5.02731	3.60419	0.433228	R	2.85303	6.67637	20.2142	6.32834	19.9183	-4.42598	-2.26625	3.61482	0.414838	0.0567006	0.0902794	0.37161	0.311869
1477010452100000	5.95449	19.7723	5.07633	3.61101	0.41597	L	0.756954	5.86119	19.8306	6.10823	19.8027	-4.38241	-2.35993	3.63556	0.410268	0.0576763	0.0900603	0.370748	0.311051
1477010452150000	5.72497	19.6263	5.11836	3.65038	0.450345	R	1.95762	5.28178	19.5036	5.89034	19.6824	-4.33744	-2.45178	3.65608	0.405632	0.058797	0.0899105	0.369868	0.31022
1477010452200000	5.54965	19.5029	5.051	3.68066	0.460224	L	1.42479	5.69089	19.5755	5.67472	19.5577	-4.29114	-2.5418	3.67636	0.400933	0.0593545	0.0897575	0.368881	0.309403
1477010452250000	5.34836	19.3536	5.04495	3.71442	0.475293	R	1.76209	5.9506	18.9859	5.46145	19.4284	-4.24359	-2.62995	3.6964	0.39617	0.0597727	0.089684	0.367888	0.308665
1477010452300000	5.13538	19.2519	5.03142	3.72473	0.460771	L	1.92777	5.17021	19.4397	5.25059	19.2948	-4.19488	-2.71622	3.71621	0.391345	0.0602051	0.0894989	0.366903	0.307864
1477010452350000	4.9439	19.1402	4.9701	3.7343	0.43514	R	4.66555	5.87397	19.301	5.04219	19.157	-4.1451	-2.80059	3.73578	0.386458	0.0604711	0.089269	0.36593	0.307049
1477010452400000	4.78234	18.9888	4.91719	3.76944	0.451289	L	0.742927	4.89149	18.982	4.8363	19.015	-4.09432	-2.88305	3.7551	0.381509	0.0604385	0.0890528	0.365056	0.306236
1477010452450000	4.57342	18.8387	4.95153	3.79507	0.461608	R	1.48374	3.98679	19.0452	4.63297	18.8689	-4.04263	-2.96359	3.77418	0.376501	0.0604338	0.0888451	0.364184	0.305448
1477010452500000	4.39659	18.7068	4.91593	3.81567	0.459689	L	1.12196	4.4685	18.834	4.43224	18.7188	-3.99012	-3.0422	3.793	0.371433	0.0603306	0.0886165	0.36339	0.304653
1477010452550000	4.21496	18.5647	4.87221	3.82988	0.439975	R	1.34522	4.69245	18.4634	4.23416	18.5648	-3.93685	-3.11888	3.81158	0.366307	0.0601892	0.0883854	0.362659	0.303864
1477010452600000	4.09146	18.4091	4.79029	3.86826	0.46062	L	2.01334	4.26269	18.481	4.03876	18.4071	-3.88293	-3.19362	3.82989	0.361122	0.0601528	0.0881562	0.362374	0.303077
1477010452650000	3.90721	18.2362	4.86843	3.9079	0.501966	R	7.20075	3.42434	18.8357	3.84606	18.2457	-3.82841	-3.26644	3.84795	0.355881	0.060158	0.0879314	0.362172	0.302397
1477010452700000	3.65034	18.0952	4.95263	3.89934	0.461176	L	2.65874	3.45919	18.167	3.65611	18.0807	-3.77339	-3.33732	3.86574	0.350583	0.060005	0.0877118	0.361462	0.301658
1477010452750000	3.48817	17.9447	4.88558	3.91212	0.438007	R	3.40354	4.3011	17.9267	3.46891	17.9122	-3.71795	-3.40627	3.88327	0.34523	0.0598675	0.0875187	0.360858	0.300888
1477010452800000	3.26071	17.7779	4.94799	3.91607	0.415813	L	1.17163	3.12525	17.7493	3.28449	17.7402	-3.66215	-3.47331	3.90053	0.339823	0.0597394	0.0873374	0.360051	0.300125
1477010452850000	3.08083	17.5939	4.99532	3.94691	0.440139	R	2.37876	2.65664	17.888	3.10287	17.565	-3.60609	-3.53844	3.91752	0.334362	0.0596089	0.0871408	0.359289	0.2994
1477010452900000	2.90225	17.4763	4.95443	3.94707	0.416127	L	6.14181	2.9449	17.8154	2.92405	17.3866	-3.54982	-3.60167	3.93424	0.328848	0.059479	0.0871534	0.358482	0.298654
1477010452950000	2.75985	17.2596	4.99743	3.9989	0.468801	R	3.13058	3.26647	17.0897	2.74805	17.2051	-3.49344	-3.66302	3.95068	0.323282	0.059336	0.0870207	0.357931	0.298018
1477010453000000	2.58464	17.0736	5.00995	4.01645	0.46179	L	0.0689817	2.55407	17.0853	2.57486	17.0205	-3.437	-3.72251	3.96685	0.317665	0.0591922	0.0868847	0.357392	0.297401
1477010453050000	2.42112	16.9077	4.94274	4.01922	0.422707	R	2.11766	2.55039	16.8884	2.4045	16.833	-3.38059	-3.78014	3.98273	0.311998	0.0590571	0.0868285	0.35685	0.296668
1477010453100000	2.25699	16.7354	4.93544	4.03213	0.413438	L	0.511845	2.25371	16.8334	2.23695	16.6427	-3.32428	-3.83595	3.99833	0.306282	0.0589283	0.0868585	0.356304	0.295936
1477010453150000	2.08242	16.54	4.9307	4.03944	0.387431	R	4.98006	1.57735	16.0489	2.07221	16.4497	-3.26812	-3.88995	4.01365	0.300517	0.058788	0.0868761	0.355691	0.29522
1477010453200000	1.9276	16.3097	4.96691	4.06767	0.396814	L	2.25495	1.88972	16.1054	1.91027	16.254	-3.21219	-3.94216	4.02867	0.294705	0.0586569	0.0867514	0.355177	0.294505
1477010453250000	1.77115	16.1338	4.92382	4.07133	0.368527	R	1.0366	1.74362	16.2687	1.75112	16.0557	-3.15656	-3.99261	4.04341	0.288846	0.058531	0.0867114	0.354622	0.293807
1477010453300000	1.56553	15.9655	4.95906	4.06009	0.333543	L	1.73412	1.44745	16.0853	1.59474	15.8549	-3.10129	-4.04132	4.05785	0.282942	0.0584248	0.0868426	0.353821	0.29318
1477010453350000	1.43838	15.7342	5.00983	4.10291	0.377844	R	2.06581	1.6097	15.5526	1.44111	15.6517	-3.04644	-4.08832	4.07199	0.276993	0.0582845	0.0868219	0.353186	0.292477
1477010453400000	1.26551	15.5162	5.05344	4.1132	0.367067	L	0.797515	1.18395	15.4284	1.29021	15.4463	-2.99207	-4.13364	4.08584	0.271	0.05817	0.0867488	0.352477	0.29179
1477010453450000	1.10878	15.3234	5.04076	4.11866	0.348166	R	0.971137	0.828993	15.528	1.14201	15.2386	-2.93825	-4.1773	4.09939	0.264964	0.0580766	0.0867397	0.351732	0.291094
1477010453500000	0.896336	15.105	5.12263	4.11077	0.317344	L	2.36576	0.722706	15.0075	0.996486	15.0288	-2.88503	-4.21933	4.11264	0.258887	0.0583476	0.086693	0.350899	0.290404
1477010453550000	0.749653	14.9247	5.06045	4.10997	0.286975	R	2.47356	1.03147	15.2134	0.853604	14.8169	-2.83246	-4.25977	4.12559	0.252769	0.058646	0.0868049	0.350078	0.289784
1477010453600000	0.648321	14.7103	5.0258	4.14075	0.306494	L	0.514621	0.737301	14.7047	0.71333	14.603	-2.78061	-4.29864	4.13823	0.246611	0.0586775	0.0869123	0.349281	0.289145
1477010453650000	0.535894	14.4689	5.06806	4.17837	0.343011	R	1.78736	0.722177	14.2445	0.575628	14.3872	-2.72952	-4.33598	4.15056	0.240414	0.0586032	0.0868887	0.348615	0.288474
1477010453700000	0.361698	14.2467	5.1168	4.17829	0.322243	L	0.839721	0.253435	14.2029	0.440459	14.1696	-2.67925	-4.37181	4.16258	0.234179	0.058713	0.0868458	0.34784	0.287811
1477010453750000	0.239434	13.9944	5.2003	4.21537	0.363705	R	3.07302	-0.0328023	13.9604	0.307779	13.9502	-2.62984	-4.40617	4.17429	0.227907	0.0587612	0.0866966	0.347184	0.287363
1477010453800000	0.226084	13.7459	5.12011	4.27974	0.41882	L	3.75199	0.459172	13.6856	0.177545	13.7292	-2.58135	-4.43909	4.18568	0.221599	0.0587182	0.0865041	0.347638	0.287052
1477010453850000	0.122399	13.503	5.16204	4.30812	0.435103	R	0.972941	0.0524412	13.6377	0.0497099	13.5065	-2.53381	-4.47061	4.19676	0.215255	0.0587898	0.0863058	0.348511	0.286999
1477010453900000	-0.0446588	13.272	5.21231	4.30098	0.399858	L	1.39679	-0.190344	13.2856	-0.0757753	13.2823	-2.48728	-4.50075	4.20752	0.208879	0.0586931	0.0861113	0.348778	0.286953
1477010453950000	-0.162708	13.054	5.16603	4.30447	0.371639	R	1.12859	-0.275043	13.1456	-0.198962	13.0566	-2.44179	-4.52955	4.21797	0.202468	0.0586106	0.0859156	0.348989	0.286658
1477010454000000	-0.165956	12.8283	5.07489	4.361	0.418939	L	3.43088	0.0462308	12.9301	-0.319903	12.8295	-2.39739	-4.55704	4.22809	0.196027	0.0593877	0.085721	0.350938	0.28635
1477010454050000	-0.283944	12.6032	5.03518	4.35894	0.38085	R	3.50531	-0.684792	12.3563	-0.438654	12.6011	-2.35412	-4.58326	4.23789	0.189554	0.0601567	0.0855278	0.352542	0.285861
1477010454100000	-0.403311	12.3676	5.05932	4.36311	0.362404	L	0.35072	-0.476482	12.3633	-0.555273	12.3714	-2.31202	-4.60823	4.24737	0.183051	0.0608782	0.0853362	0.353893	0.285385
1477010454150000	-0.526795	12.1592	5.02368	4.35525	0.324897	R	3.78359	-0.972122	12.5207	-0.669818	12.1404	-2.27111	-4.63198	4.25652	0.176519	0.0614892	0.0851548	0.354774	0.284791
1477010454200000	-0.604293	11.9402	4.99819	4.37254	0.326737	L	0.531915	-0.582624	12.0386	-0.78235	11.9083	-2.23144	-4.65456	4.26535	0.169959	0.0624902	0.0849919	0.355985	0.284184
1477010454250000	-0.730245	11.7121	5.00139	4.36531	0.293821	R	2.78253	-1.26757	11.6495	-0.892931	11.6751	-2.19304	-4.67598	4.27385	0.163373	0.063284	0.0848393	0.3567	0.28356
1477010454300000	-0.926977	11.4681	5.08748	4.3313	0.233605	L	4.14654	-1.17212	11.3988	-1.00163	11.4409	-2.15594	-4.69628	4.28201	0.156761	0.0633385	0.0846714	0.356344	0.28294
1477010454350000	-1.032	11.243	5.0343	4.32668	0.200742	R	2.81891	-0.891441	10.959	-1.1085	11.2057	-2.12017	-4.71549	4.28985	0.150124	0.0634022	0.0845217	0.355877	0.28234
1477010454400000	-1.20905	11.0157	5.08435	4.29936	0.155638	L	2.22344	-1.39289	11.0424	-1.21362	10.9695	-2.08575	-4.73364	4.29736	0.143463	0.0632643	0.0843922	0.355112	0.281768
1477010454450000	-1.28823	10.7695	5.12206	4.32717	0.191401	R	1.36373	-1.29894	10.9012	-1.31706	10.7324	-2.05273	-4.75075	4.30453	0.136779	0.0631553	0.0842439	0.354439	0.281155
1477010454500000	-1.41777	10.5155	5.1667	4.32428	0.176277	L	0.876486	-1.49687	10.4198	-1.41889	10.4945	-2.02111	-4.76686	4.31137	0.130074	0.0630185	0.0840727	0.353698	0.280548
1477010454550000	-1.50523	10.2527	5.21746	4.34685	0.201466	R	1.44014	-1.59293	10.0212	-1.51917	10.2559	-1.99093	-4.78198	4.31787	0.123349	0.0628892	0.0838916	0.353031	0.280006
1477010454600000	-1.6028	10.0426	5.1804	4.35001	0.193867	L	1.99215	-1.61875	10.2374	-1.61797	10.0165	-1.96221	-4.79615	4.32404	0.116604	0.0627619	0.0837289	0.352369	0.279422
1477010454650000	-1.69176	9.81304	5.15068	4.35586	0.185411	R	0.523708	-1.59702	9.96554	-1.71539	9.77637	-1.93498	-4.80939	4.32987	0.10984	0.0626467	0.0835842	0.35173	0.278826
1477010454700000	-1.76576	9.59306	5.11363	4.36862	0.189933	L	0.825368	-1.73381	9.71347	-1.81147	9.53564	-1.90924	-4.82172	4.33536	0.10306	0.0625844	0.0834902	0.35119	0.278233
1477010454750000	-1.876	9.34071	5.17101	4.37428	0.193029	R	2.54282	-2.27191	9.37316	-1.90631	9.29431	-1.88502	-4.83316	4.34052	0.0962627	0.0624828	0.0833679	0.350619	0.277658
1477010454800000	-1.95771	9.04824	5.22891	4.39118	0.200792	L	4.05195	-1.93833	8.77028	-1.99998	9.05243	-1.86233	-4.84374	4.34533	0.0894504	0.0624113	0.0831923	0.350149	0.277178
1477010454850000	-2.04394	8.8257	5.17434	4.39	0.179086	R	1.84569	-1.96565	9.13274	-2.09256	8.81003	-1.8412	-4.85347	4.3498	0.0826241	0.0623597	0.0830235	0.349657	0.276617
1477010454900000	-2.14009	8.57367	5.1935	4.39323	0.172094	L	0.141516	-2.1768	8.5411	-2.18412	8.56717	-1.82164	-4.86238	4.35393	0.0757847	0.0622942	0.0828507	0.349146	0.276074
1477010454950000	-2.26921	8.31926	5.23542	4.38122	0.14617	R	2.80573	-2.65862	8.19477	-2.27474	8.32388	-1.80365	-4.87047	4.35772	0.0689333	0.0621654	0.0826785	0.348479	0.275547
1477010455000000	-2.31493	8.08632	5.18946	4.40325	0.164066	L	0.819152	-2.21875	8.15339	-2.3645	8.0802	-1.78726	-4.87778	4.36117	0.062071	0.0621184	0.0825077	0.348015	0.275007
1477010455050000	-2.37775	7.87381	5.12495	4.41159	0.161271	R	5.5108	-2.273	8.52315	-2.45348	7.83617	-1.77248	-4.8843	4.36427	0.0551989	0.0621808	0.0823726	0.347678	0.274439
1477010455100000	-2.49166	7.62227	5.16146	4.40387	0.1423	L	0.695197	-2.59674	7.60288	-2.54177	7.59184	-1.75931	-4.89006	4.36703	0.0483182	0.0621359	0.0822261	0.347181	0.27388
1477010455150000	-2.65571	7.3875	5.16663	4.36103	0.0653151	R	5.61153	-3.08256	7.38874	-2.62944	7.34723	-1.74777	-4.89507	4.36945	0.0414297	0.0620313	0.0820979	0.346474	0.273332
1477010455200000	-2.75994	7.13148	5.19559	4.35913	0.0589883	L	0.336836	-2.79865	7.064	-2.71658	7.10238	-1.73786	-4.89933	4.37152	0.0345348	0.0619665	0.0819513	0.345787	0.272779
1477010455250000	-2.82057	6.89695	5.1787	4.3791	0.08778	R	1.68093	-2.79412	7.20818	-2.80326	6.85734	-1.72958	-4.90286	4.37325	0.0276344	0.0618503	0.0818236	0.345091	0.272224
1477010455300000	-2.8616	6.68974	5.09718	4.39723	0.104065	L	2.52965	-2.74651	6.86867	-2.88957	6.61214	-1.72295	-4.90566	4.37463	0.0207296	0.0617506	0.0818069	0.344512	0.271699
1477010455350000	-2.92587	6.46834	5.02454	4.3944	0.0775375	R	4.01486	-2.57673	6.36755	-2.97559	6.36681	-1.71797	-4.90774	4.37567	0.0138215	0.0617068	0.081896	0.343944	0.271286
1477010455400000	-2.98044	6.23223	5.00318	4.40763	0.0883813	L	0.354254	-2.90217	6.22989	-3.0614	6.12139	-1.71464	-4.90911	4.37636	0.00691132	0.0617961	0.0820326	0.343518	0.270879
1477010455450000	-3.09852	5.98441	5.05482	4.39717	0.0740535	R	3.42001	-3.50172	6.10796	-3.14709	5.87592	-1.71297	-4.90976	4.3767	-1.76894e-16	0.0617488	0.0821554	0.342955	0.270417
1477010455500000	-3.18185	5.70997	5.1049	4.40207	0.0750486	L	1.69557	-3.1778	5.53101	-3.23274	5.63043	-1.71295	-4.9097	4.3767	-0.00691132	0.0617094	0.0821451	0.342409	0.269895
1477010455550000	-3.29165	5.46288	5.1089	4.38146	0.0294841	R	2.23952	-3.19736	5.19093	-3.31843	5.38496	-1.71458	-4.90893	4.37636	-0.0138215	0.0616099	0.0821288	0.341746	0.269403
1477010455600000	-3.38884	5.20125	5.1479	4.37919	0.0250653	L	0.600429	-3.43031	5.10507	-3.40424	5.13955	-1.71787	-4.90745	4.37567	-0.0207296	0.0614956	0.082058	0.341077	0.268883
1477010455650000	-3.45589	4.95544	5.14776	4.39272	0.0469064	R	0.246165	-3.4281	4.94644	-3.49026	4.89422	-1.72281	-4.90525	4.37463	-0.0276344	0.0614124	0.0819864	0.340469	0.268356
1477010455700000	-3.57123	4.6767	5.22434	4.3851	0.0358682	L	2.16522	-3.69435	4.52196	-3.57657	4.64902	-1.72939	-4.90233	4.37325	-0.0345348	0.0612927	0.0818438	0.339815	0.267844
1477010455750000	-3.68109	4.42386	5.23406	4.36496	-0.00788841	R	2.19914	-3.50501	4.17643	-3.66325	4.40398	-1.73763	-4.89868	4.37152	-0.0414297	0.0611831	0.0816933	0.339162	0.267324
1477010455800000	-3.81494	4.15213	5.3087	4.35068	-0.0225604	L	2.54765	-4.00238	4.04684	-3.75039	4.15913	-1.74749	-4.8943	4.36945	-0.0483182	0.0611965	0.0815354	0.3386	0.26684
1477010455850000	-3.89462	3.91162	5.29452	4.36218	0.00407374	R	1.21675	-4.06447	4.10977	-3.83806	3.91452	-1.75899	-4.88918	4.36703	-0.0551989	0.0611792	0.0813774	0.337962	0.266374
1477010455900000	-3.96653	3.6794	5.25435	4.36712	0.00848331	L	0.685948	-3.88053	3.75177	-3.92635	3.67019	-1.77212	-4.8833	4.36427	-0.062071	0.061112	0.0812222	0.33731	0.265886
1477010455950000	-4.06777	3.47418	5.19383	4.34881	-0.0279532	R	4.15377	-4.23729	3.88878	-4.01533	3.42616	-1.78686	-4.87666	4.36117	-0.0689333	0.061081	0.0811205	0.336681	0.265378
1477010456000000	-4.15889	3.22968	5.19563	4.34812	-0.0271716	L	0.00844255	-4.15119	3.21968	-4.10509	3.18248	-1.8032	-4.86925	4.35772	-0.0757847	0.0610548	0.0810177	0.336048	0.264871
1477010456050000	-4.27485	2.97495	5.23012	4.33286	-0.0539109	R	0.752513	-4.27467	2.88187	-4.19571	2.93919	-1.82113	-4.86104	4.35393	-0.0826241	0.061134	0.0808931	0.335484	0.264365
1477010456100000	-4.36492	2.70093	5.27234	4.33674	-0.0458245	L	1.30341	-4.32451	2.55034	-4.28727	2.69633	-1.84065	-4.85202	4.3498	-0.0894504	0.0612052	0.0807396	0.334895	0.263882
1477010456150000	-4.4514	2.45144	5.27109	4.34243	-0.0307391	R	0.197697	-4.38481	2.39989	-4.37985	2.45393	-1.86173	-4.84218	4.34533	-0.0962627	0.0612477	0.0805867	0.334271	0.263419
1477010456200000	-4.55616	2.18641	5.31006	4.34098	-0.0292163	L	0.641781	-4.61223	2.09192	-4.47352	2.21205	-1.88436	-4.83149	4.34052	-0.10306	0.0613425	0.0804499	0.33365	0.263019
1477010456250000	-4.66603	1.95515	5.29766	4.31572	-0.0841562	R	4.01727	-4.29257	1.92854	-4.56836	1.97072	-1.90853	-4.81994	4.33536	-0.10984	0.0615192	0.0803042	0.33313	0.262555
1477010456300000	-4.78184	1.68135	5.35684	4.3127	-0.0802496	L	1.53649	-4.86829	1.53442	-4.66444	1.72998	-1.93422	-4.80751	4.32987	-0.116604	0.0618228	0.080209	0.332633	0.262179
1477010456350000	-4.90568	1.43209	5.38166	4.29566	-0.106581	R	0.514196	-4.98165	1.43611	-4.76186	1.48989	-1.9614	-4.79417	4.32404	-0.123349	0.0623296	0.080137	0.332276	0.261804
1477010456400000	-4.96497	1.19872	5.32008	4.3024	-0.0969026	L	4.9779	-4.66779	1.28643	-4.86066	1.25049	-1.99007	-4.7799	4.31787	-0.130074	0.0625378	0.0800502	0.331754	0.261387
1477010456450000	-5.06022	0.982111	5.26341	4.29949	-0.0908515	R	1.13927	-4.98594	1.10894	-4.96095	1.01182	-2.02019	-4.76468	4.31137	-0.136779	0.0627136	0.0799222	0.331186	0.260925
1477010456500000	-5.12115	0.750293	5.21298	4.30582	-0.0818636	L	3.96461	-4.85498	0.825661	-5.06277	0.77393	-2.05174	-4.74848	4.30453	-0.143463	0.0626982	0.0797876	0.330575	0.260454
1477010456550000	-5.21515	0.455483	5.30273	4.31162	-0.0742197	R	5.23685	-4.84736	0.18101	-5.16621	0.536876	-2.08471	-4.73127	4.29736	-0.150124	0.0626532	0.0797935	0.329968	0.260137
1477010456600000	-5.29003	0.215332	5.27488	4.3153	-0.0675057	L	1.53806	-5.1231	0.257311	-5.27133	0.300706	-2.11906	-4.71303	4.28985	-0.156761	0.0625485	0.0798147	0.329398	0.259822
1477010456650000	-5.39936	-0.019367	5.25182	4.31817	-0.0441006	R	5.90369	-5.99809	-0.290765	-5.3782	0.0654719	-2.15477	-4.69374	4.28201	-0.163373	0.0624474	0.0798336	0.328901	0.259517
1477010456700000	-5.47035	-0.257567	5.22409	4.32368	-0.0367789	L	1.6176	-5.29972	-0.212982	-5.4869	-0.168772	-2.1918	-4.67335	4.27385	-0.169959	0.0623417	0.079868	0.328551	0.259226
1477010456750000	-5.59084	-0.439379	5.1482	4.29842	-0.0730852	R	3.84439	-5.64447	-0.144522	-5.59748	-0.401971	-2.23014	-4.65185	4.26535	-0.176519	0.06223	0.079755	0.328096	0.258783
1477010456800000	-5.7274	-0.623464	5.08881	4.27267	-0.102003	L	2.69887	-5.85359	-0.445801	-5.71001	-0.634069	-2.26974	-4.62919	4.25652	-0.183051	0.0621263	0.0796134	0.327562	0.258319
1477010456850000	-5.84254	-0.851348	5.12126	4.25124	-0.143359	R	5.43131	-5.30947	-0.724468	-5.82456	-0.865006	-2.31058	-4.60536	4.24737	-0.189554	0.0620239	0.0794743	0.326978	0.257857
1477010456900000	-5.93787	-1.12059	5.17146	4.26024	-0.121474	L	1.44872	-5.87835	-1.26863	-5.94118	-1.09472	-2.35262	-4.58032	4.23789	-0.196027	0.0619129	0.0793469	0.326439	0.25743
1477010456950000	-6.02646	-1.38916	5.21332	4.27072	-0.100455	R	2.80562	-5.68069	-1.52871	-6.05993	-1.32316	-2.39581	-4.55404	4.22809	-0.202468	0.0618346	0.0793032	0.326009	0.257145
1477010457000000	-6.16508	-1.59612	5.18697	4.24989	-0.120945	L	1.08555	-6.27263	-1.50938	-6.18087	-1.55025	-2.44014	-4.52648	4.21797	-0.208879	0.0617317	0.0792093	0.325515	0.25678
1477010457050000	-6.30913	-1.83269	5.26216	4.21947	-0.17551	R	4.06626	-6.11355	-1.75966	-6.30406	-1.77593	-2.48555	-4.49762	4.20752	-0.215255	0.0616229	0.0791409	0.324937	0.256456
1477010457100000	-6.4152	-2.08277	5.27869	4.222	-0.16082	L	0.49077	-6.34007	-2.13685	-6.42954	-2.00014	-2.532	-4.46742	4.19676	-0.221599	0.0615198	0.0791535	0.324374	0.25625
1477010457150000	-6.56668	-2.28505	5.24381	4.19909	-0.177594	R	3.08025	-6.99344	-2.17445	-6.55738	-2.22281	-2.57946	-4.43585	4.18568	-0.227907	0.0614139	0.0791003	0.323803	0.255918
1477010457200000	-6.71638	-2.49405	5.22893	4.17846	-0.192862	L	0.472077	-6.79288	-2.4458	-6.68761	-2.44386	-2.62788	-4.40288	4.17429	-0.234179	0.0613297	0.0790173	0.32324	0.255535
1477010457250000	-6.87252	-2.70622	5.23246	4.15641	-0.21116	R	1.10851	-7.14408	-2.67584	-6.82029	-2.66323	-2.6772	-4.36847	4.16258	-0.240414	0.0613003	0.07892	0.322713	0.255127
1477010457300000	-6.96443	-2.97628	5.27177	4.17536	-0.172494	L	2.50062	-6.8003	-3.10086	-6.95546	-2.88084	-2.7274	-4.3326	4.15056	-0.246611	0.0611957	0.0789835	0.322156	0.254948
1477010457350000	-7.09319	-3.20008	5.2485	4.17201	-0.160742	R	0.277334	-7.13937	-3.22028	-7.09316	-3.09663	-2.7784	-4.29523	4.13823	-0.252769	0.0610893	0.0790816	0.321629	0.254793
1477010457400000	-7.21797	-3.39467	5.20128	4.15873	-0.169122	L	1.39035	-7.12118	-3.26434	-7.23344	-3.3105	-2.83017	-4.25632	4.12559	-0.258887	0.0609904	0.0790998	0.321121	0.254543
1477010457450000	-7.36394	-3.64303	5.24184	4.15624	-0.159369	R	4.45639	-7.77186	-4.08999	-7.37632	-3.5224	-2.88265	-4.21586	4.11264	-0.264964	0.0608894	0.0792804	0.320638	0.254482
1477010457500000	-7.52359	-3.78008	5.14209	4.11606	-0.203373	L	4.82823	-7.49009	-3.49081	-7.52184	-3.73223	-2.93579	-4.1738	4.09939	-0.271	0.0607848	0.0791938	0.320099	0.254088
1477010457550000	-7.66858	-3.98873	5.14885	4.10319	-0.209654	R	0.465138	-7.52393	-3.88213	-7.67004	-3.93992	-2.98953	-4.13012	4.08584	-0.276993	0.0606807	0.0791096	0.319561	0.253711
1477010457600000	-7.82257	-4.21783	5.17695	4.09652	-0.203967	L	0.515874	-7.88049	-4.29783	-7.82094	-4.14538	-3.04381	-4.08479	4.07199	-0.282942	0.0605771	0.0790878	0.31903	0.253411
1477010457650000	-7.97369	-4.43604	5.18365	4.08907	-0.199309	R	0.396275	-8.08524	-4.57834	-7.97457	-4.34854	-3.09857	-4.03778	4.05785	-0.288846	0.060474	0.079118	0.318515	0.253176
1477010457700000	-8.13463	-4.67497	5.2263	4.08521	-0.190384	L	1.23327	-8.22492	-4.79812	-8.13095	-4.5493	-3.15376	-3.98906	4.04341	-0.294705	0.0603718	0.0793219	0.318015	0.253141
1477010457750000	-8.27368	-4.87821	5.15289	4.08611	-0.16647	R	2.50815	-8.453	-4.95621	-8.2901	-4.74759	-3.2093	-3.93862	4.02867	-0.300517	0.0602773	0.0795509	0.317667	0.253086
1477010457800000	-8.40564	-5.09762	5.15345	4.08804	-0.153437	L	0.286965	-8.33552	-5.1059	-8.45204	-4.94331	-3.26514	-3.88641	4.01365	-0.306282	0.060236	0.0799201	0.317471	0.253238
1477010457850000	-8.55221	-5.26431	5.05944	4.07437	-0.154334	R	3.89624	-8.55062	-4.79248	-8.61678	-5.13637	-3.32121	-3.83242	3.99833	-0.311998	0.0602511	0.0801294	0.317439	0.253169
1477010457900000	-8.74286	-5.46272	5.08221	4.05189	-0.172545	L	1.73905	-8.91477	-5.51752	-8.78433	-5.32669	-3.37745	-3.77663	3.98273	-0.317665	0.060198	0.0803812	0.317262	0.253116
1477010457950000	-8.90199	-5.6596	5.06897	4.04277	-0.171273	R	0.319608	-9.04115	-5.69364	-8.95469	-5.51417	-3.43377	-3.71901	3.96685	-0.323282	0.0601746	0.0806852	0.317168	0.253124
1477010458000000	-9.05887	-5.84591	5.05486	4.03088	-0.175732	L	0.133982	-9.03391	-5.80267	-9.12788	-5.69872	-3.49012	-3.65955	3.95068	-0.328848	0.0602061	0.0809966	0.317131	0.253168
1477010458050000	-9.19772	-6.00225	4.95585	4.02075	-0.172795	R	6.13437	-8.86897	-5.41973	-9.30388	-5.88026	-3.54643	-3.59823	3.93424	-0.334362	0.060416	0.0811665	0.317382	0.253062
1477010458100000	-9.37681	-6.10373	4.87048	3.97644	-0.219196	L	4.73375	-9.30811	-5.82368	-9.4827	-6.05868	-3.60261	-3.53503	3.91752	-0.339823	0.0606222	0.0810737	0.317435	0.252681
1477010458150000	-9.5526	-6.28605	4.88216	3.96247	-0.222718	R	0.921799	-9.80646	-6.41174	-9.66432	-6.23389	-3.6586	-3.46994	3.90053	-0.34523	0.0608606	0.0809955	0.31748	0.252333
1477010458200000	-9.69168	-6.49582	4.89571	3.97171	-0.196895	L	0.549279	-9.62547	-6.55958	-9.84874	-6.4058	-3.71431	-3.40295	3.88327	-0.350583	0.0614227	0.0810268	0.317831	0.252206
1477010458250000	-9.91461	-6.65526	4.95624	3.93246	-0.23768	R	7.0371	-10.6688	-6.35543	-10.0359	-6.57431	-3.76969	-3.33404	3.86574	-0.355881	0.0617132	0.0810265	0.317727	0.252027
1477010458300000	-10.1178	-6.81944	4.96785	3.90727	-0.254123	L	0.642927	-10.2246	-6.83402	-10.2259	-6.73933	-3.82463	-3.26321	3.84795	-0.361122	0.0619205	0.0810235	0.317513	0.251825
1477010458350000	-10.3032	-6.98093	4.9824	3.88842	-0.263557	R	1.01749	-10.2205	-6.71044	-10.4186	-6.90075	-3.87907	-3.19046	3.82989	-0.366307	0.0621688	0.0810208	0.317251	0.251659
1477010458400000	-10.5325	-7.16151	5.03475	3.86445	-0.276045	L	3.62543	-10.7616	-7.29159	-10.614	-7.05849	-3.93293	-3.11577	3.81158	-0.371433	0.0622411	0.0811016	0.316864	0.251549
1477010458450000	-10.7388	-7.30259	5.03719	3.83604	-0.295297	R	1.86895	-10.8944	-6.83335	-10.8121	-7.21245	-3.98613	-3.03916	3.793	-0.376501	0.06228	0.0811324	0.31642	0.251361
1477010458500000	-10.9849	-7.46424	5.0862	3.80517	-0.314398	L	3.54772	-11.2219	-7.56979	-11.0128	-7.36252	-4.03859	-2.96062	3.77418	-0.381509	0.0621999	0.081207	0.315916	0.251147
1477010458550000	-11.174	-7.60338	5.04021	3.78783	-0.31624	R	1.25189	-10.986	-7.3707	-11.2161	-7.50862	-4.09021	-2.88015	3.7551	-0.386458	0.062146	0.0812541	0.315432	0.250897
1477010458600000	-11.3228	-7.75935	4.9947	3.79102	-0.293522	L	3.1547	-11.0934	-7.6776	-11.422	-7.65064	-4.14093	-2.79777	3.73578	-0.391345	0.0622998	0.0813565	0.315062	0.250812
1477010458650000	-11.5187	-7.88543	4.96013	3.7688	-0.303115	R	1.78609	-11.4213	-7.46085	-11.6304	-7.78849	-4.19066	-2.71349	3.71621	-0.39617	0.0625194	0.0814109	0.314714	0.250661
1477010458700000	-11.6988	-7.9901	4.90509	3.74518	-0.314695	L	3.03353	-11.5269	-7.8215	-11.8413	-7.92208	-4.23932	-2.6273	3.6964	-0.400933	0.062934	0.0813719	0.314418	0.250418
1477010458750000	-11.8925	-8.10212	4.82512	3.72212	-0.32388	R	1.77531	-11.9422	-7.88317	-12.0546	-8.05131	-4.28682	-2.53924	3.67636	-0.405632	0.0634926	0.0812933	0.314241	0.250094
1477010458800000	-12.1075	-8.19273	4.80594	3.68653	-0.348214	L	0.673571	-12.09	-8.08828	-12.2702	-8.17609	-4.33309	-2.44932	3.65608	-0.410268	0.0640471	0.0811703	0.313995	0.249711
1477010458850000	-12.3344	-8.32098	4.89325	3.66682	-0.349643	R	2.7243	-12.4462	-8.02117	-12.4881	-8.29633	-4.37802	-2.35756	3.63556	-0.414838	0.0645242	0.0810544	0.313606	0.249376
1477010458900000	-12.5381	-8.40198	4.8541	3.63579	-0.367101	L	1.77881	-12.4231	-8.2599	-12.7082	-8.41193	-4.42156	-2.26399	3.61482	-0.419343	0.0651233	0.0809291	0.313224	0.248994
1477010458950000	-12.7442	-8.48707	4.78322	3.60652	-0.382685	R	1.67235	-12.7461	-8.19449	-12.9304	-8.5228	-4.4636	-2.16863	3.59385	-0.423782	0.0658493	0.0808273	0.312911	0.248608
1477010459000000	-13.0219	-8.57652	4.84413	3.56393	-0.410245	L	4.14402	-13.2911	-8.64594	-13.1547	-8.62886	-4.50407	-2.07151	3.57266	-0.428154	0.0661631	0.0807542	0.312459	0.248267
1477010459050000	-13.2712	-8.67659	4.90875	3.5396	-0.412192	R	2.78354	-13.7929	-8.47158	-13.381	-8.73002	-4.54289	-1.97267	3.55126	-0.432459	0.0663432	0.0806836	0.311975	0.247912
1477010459100000	-13.4927	-8.7237	4.87506	3.50087	-0.435138	L	1.82104	-13.384	-8.57583	-13.6092	-8.82619	-4.57997	-1.87214	3.52963	-0.436695	0.0665571	0.0807602	0.311493	0.247684
1477010459150000	-13.7094	-8.76293	4.78456	3.45841	-0.466289	R	3.67084	-13.6376	-8.26343	-13.8392	-8.91729	-4.61524	-1.76997	3.5078	-0.440862	0.0668447	0.0810902	0.311036	0.247788
1477010459200000	-13.9347	-8.87559	4.80259	3.45366	-0.443205	L	0.982071	-13.9959	-8.99264	-14.0709	-9.00324	-4.64861	-1.6662	3.48576	-0.444959	0.0671684	0.0812743	0.310587	0.247635
1477010459250000	-14.1865	-8.96718	4.90029	3.44164	-0.423318	R	2.95998	-14.4737	-8.79552	-14.3043	-9.08395	-4.68001	-1.56086	3.46351	-0.448987	0.0673816	0.0814069	0.31011	0.247334
1477010459300000	-14.409	-9.0809	4.90437	3.44262	-0.396296	L	0.71858	-14.4273	-9.1875	-14.5391	-9.15936	-4.70936	-1.45402	3.44106	-0.452943	0.0676623	0.081398	0.309639	0.246955
1477010459350000	-14.6382	-9.15158	4.8833	3.42264	-0.39829	R	0.278145	-14.5757	-9.32634	-14.7754	-9.22939	-4.73658	-1.34573	3.41841	-0.456828	0.0679825	0.0813873	0.309177	0.246579
1477010459400000	-14.9245	-9.14854	4.92402	3.362	-0.446879	L	1.95803	-15.062	-9.04396	-15.013	-9.29397	-4.76161	-1.23603	3.39557	-0.46064	0.068054	0.0816581	0.308716	0.246361
1477010459450000	-15.1832	-9.22176	4.96005	3.3471	-0.436454	R	4.54945	-15.6189	-9.69365	-15.2517	-9.35302	-4.78436	-1.125	3.37254	-0.46438	0.0680555	0.0818539	0.308272	0.246066
1477010459500000	-15.4469	-9.33936	5.00817	3.35346	-0.401442	L	5.40268	-15.6682	-9.56749	-15.4916	-9.40649	-4.80476	-1.01269	3.34932	-0.468047	0.067997	0.0818134	0.307847	0.245704
1477010459550000	-15.6899	-9.36788	4.95319	3.31771	-0.42812	R	2.07636	-15.9382	-9.35751	-15.7324	-9.45431	-4.82275	-0.899159	3.32592	-0.47164	0.0679345	0.0818277	0.307398	0.245339
1477010459600000	-15.9466	-9.45404	4.98101	3.31512	-0.404897	L	2.16122	-16.0862	-9.59819	-15.9741	-9.49642	-4.83827	-0.784484	3.30234	-0.475158	0.0678491	0.0817377	0.306958	0.245006
1477010459650000	-16.1981	-9.46251	4.95641	3.27554	-0.433024	R	2.28482	-16.6033	-8.85459	-16.2164	-9.53277	-4.85124	-0.668734	3.27858	-0.478601	0.0677548	0.0817058	0.306517	0.244639
1477010459700000	-16.4497	-9.45655	4.95829	3.23651	-0.4539	L	0.494318	-16.4229	-9.37029	-16.4594	-9.5633	-4.8616	-0.55198	3.25465	-0.481969	0.0676557	0.0817919	0.306086	0.244315
1477010459750000	-16.6678	-9.45564	4.89583	3.20382	-0.471385	R	5.1483	-16.011	-9.33486	-16.7027	-9.58797	-4.8693	-0.434301	3.23055	-0.48526	0.0675818	0.0819885	0.305631	0.244054
1477010459800000	-16.9512	-9.44087	4.94703	3.16343	-0.490495	L	1.46712	-17.1132	-9.43043	-16.9464	-9.60673	-4.87427	-0.315773	3.20629	-0.488475	0.067482	0.0823638	0.305202	0.243954
1477010459850000	-17.2031	-9.50121	4.97935	3.16996	-0.446944	R	7.9107	-16.9255	-10.8571	-17.1903	-9.61954	-4.87646	-0.196479	3.18186	-0.491613	0.0673857	0.0824934	0.3048	0.243611
1477010459900000	-17.4632	-9.52003	4.9955	3.15326	-0.439929	L	0.507328	-17.5448	-9.57485	-17.4342	-9.62636	-4.87583	-0.0765024	3.15728	-0.494673	0.0673045	0.0825738	0.304419	0.243254
1477010459950000	-17.7209	-9.50884	4.98761	3.12137	-0.456825	R	1.69129	-18.1371	-9.39146	-17.6781	-9.62717	-4.87232	0.0440703	3.13255	-0.497655	0.0672456	0.0827017	0.304034	0.242915
1477010460000000	-17.9756	-9.4765	4.99712	3.08703	-0.470294	L	0.184735	-17.9724	-9.42299	-17.9216	-9.62194	-4.86588	0.165151	3.10767	-0.500558	0.0672105	0.082955	0.303662	0.242629
1477010460050000	-18.2196	-9.43815	4.97025	3.04862	-0.495076	R	0.6923	-18.3083	-9.18778	-18.1648	-9.61064	-4.85648	0.286648	3.08264	-0.503383	0.0671775	0.0833571	0.303259	0.242458
1477010460100000	-18.4207	-9.4856	4.8968	3.05954	-0.454345	L	2.31512	-18.2763	-9.60997	-18.4074	-9.59325	-4.84408	0.40847	3.05747	-0.506127	0.0670834	0.0834382	0.302823	0.242104
1477010460150000	-18.6569	-9.47345	4.90413	3.04662	-0.436811	R	1.70255	-18.2443	-9.58547	-18.6493	-9.56977	-4.82864	0.530522	3.03216	-0.508793	0.0669871	0.0834785	0.302396	0.241778
1477010460200000	-18.9054	-9.46508	4.90763	3.0326	-0.427519	L	0.270383	-18.9545	-9.51544	-18.8904	-9.54017	-4.81012	0.652707	3.00672	-0.511377	0.0668948	0.0834554	0.30198	0.241512
1477010460250000	-19.1355	-9.4273	4.9051	3.01121	-0.423124	R	3.94713	-18.6983	-9.02886	-19.1305	-9.50447	-4.78851	0.774927	2.98115	-0.513881	0.0667986	0.0834379	0.30157	0.241276
1477010460300000	-19.3819	-9.30655	4.93212	2.95112	-0.468549	L	3.01302	-19.2983	-9.09865	-19.3694	-9.46265	-4.76378	0.897083	2.95546	-0.516304	0.0667056	0.0837379	0.301165	0.240936
1477010460350000	-19.6153	-9.23013	4.90788	2.90925	-0.498961	R	1.12459	-19.7037	-8.79906	-19.6069	-9.41472	-4.73591	1.01907	2.92964	-0.518645	0.0666112	0.084201	0.30074	0.240663
1477010460400000	-19.8676	-9.106	4.94932	2.85553	-0.531886	L	1.30601	-19.8731	-8.96417	-19.8431	-9.36071	-4.70487	1.1408	2.90371	-0.520904	0.0665287	0.0851786	0.300318	0.240708
1477010460450000	-20.1053	-9.00406	4.96537	2.81707	-0.544184	R	4.93828	-20.3815	-7.6755	-20.0775	-9.30061	-4.67066	1.26215	2.87767	-0.523081	0.0664502	0.0865212	0.299894	0.240976
1477010460500000	-20.2772	-9.13575	4.78894	2.88144	-0.441934	L	14.7496	-20.1607	-9.59663	-20.3102	-9.23446	-4.63328	1.38303	2.85151	-0.525176	0.0663788	0.0865583	0.299467	0.240767
1477010460550000	-20.516	-9.09445	4.80008	2.87285	-0.421932	R	1.55454	-20.4587	-9.7448	-20.5409	-9.16227	-4.59271	1.50334	2.82525	-0.527187	0.0662978	0.0865108	0.299047	0.240734
1477010460600000	-20.7375	-8.99797	4.80246	2.83815	-0.437658	L	0.715842	-20.6596	-8.91527	-20.7696	-9.08409	-4.54895	1.62296	2.79889	-0.529115	0.0662258	0.0865097	0.298629	0.240601
1477010460650000	-20.9795	-8.91703	4.81817	2.81191	-0.445452	R	2.45731	-21.5568	-8.5005	-20.9959	-8.99994	-4.50202	1.74179	2.77244	-0.53096	0.0661379	0.0864997	0.298222	0.240456
1477010460700000	-21.1756	-8.84899	4.77038	2.79315	-0.442155	L	1.2957	-21.0195	-8.85081	-21.2198	-8.90987	-4.45191	1.85972	2.74589	-0.532721	0.0660864	0.0864382	0.297806	0.240429
1477010460750000	-21.4086	-8.76128	4.77605	2.7665	-0.452223	R	1.92204	-21.8628	-8.64129	-21.4412	-8.81393	-4.39865	1.97666	2.71925	-0.534397	0.0660161	0.0863618	0.297398	0.240392
1477010460800000	-21.601	-8.73704	4.70009	2.76988	-0.423449	L	1.75531	-21.5029	-8.87191	-21.6597	-8.71217	-4.34224	2.0925	2.69253	-0.53599	0.0659967	0.0862508	0.296987	0.240921
1477010460850000	-21.792	-8.59424	4.65494	2.70699	-0.493483	R	6.55917	-21.9514	-7.41274	-21.8754	-8.60465	-4.2827	2.20712	2.66574	-0.537498	0.0660518	0.086132	0.296589	0.240938
1477010460900000	-21.9951	-8.5177	4.63125	2.69197	-0.482745	L	0.198191	-21.9793	-8.57089	-22.0881	-8.49143	-4.22007	2.32043	2.63886	-0.53892	0.0661419	0.0860232	0.296187	0.241149
1477010460950000	-22.2046	-8.41084	4.65168	2.67284	-0.468139	R	1.98429	-22.1914	-7.70392	-22.2975	-8.37258	-4.15437	2.43232	2.61191	-0.540258	0.0662312	0.0859273	0.295776	0.241445
1477010461000000	-22.4361	-8.31209	4.6784	2.65604	-0.460187	L	1.22822	-22.5838	-8.35296	-22.5035	-8.24817	-4.08564	2.5427	2.5849	-0.54151	0.0662346	0.0858741	0.295379	0.24185
1477010461050000	-22.627	-8.19615	4.65339	2.62491	-0.47593	R	0.909299	-22.3177	-8.57758	-22.7061	-8.11829	-4.01391	2.65145	2.55783	-0.542677	0.0662733	0.085853	0.294975	0.242226
1477010461100000	-22.8654	-7.95338	4.79513	2.55441	-0.526496	L	5.92551	-22.9861	-7.6724	-22.9049	-7.98301	-3.93923	2.75848	2.53069	-0.543759	0.0662145	0.0857487	0.294581	0.241952
1477010461150000	-23.0559	-7.80329	4.77313	2.50628	-0.571819	R	3.53636	-23.2693	-8.32031	-23.1	-7.84243	-3.86163	2.8637	2.5035	-0.544754	0.0661638	0.0856554	0.294178	0.241625
1477010461200000	-23.2843	-7.6254	4.84819	2.47048	-0.578265	L	2.24152	-23.4777	-7.56583	-23.2911	-7.69663	-3.78118	2.967	2.47627	-0.545663	0.0660741	0.0856192	0.293776	0.241306
1477010461250000	-23.4845	-7.48623	4.86877	2.4619	-0.53752	R	1.75366	-23.473	-7.02103	-23.4781	-7.54572	-3.69792	3.06828	2.44898	-0.546486	0.0659846	0.0855587	0.293411	0.240977
1477010461300000	-23.6504	-7.34245	4.83337	2.43566	-0.537705	L	0.66116	-23.5408	-7.36069	-23.6609	-7.3898	-3.61191	3.16746	2.42166	-0.547223	0.0658969	0.0854778	0.293032	0.240654
1477010461350000	-23.8416	-7.18242	4.85168	2.41467	-0.524516	R	0.916119	-24.0505	-6.56968	-23.8393	-7.22897	-3.52321	3.26445	2.3943	-0.547873	0.0658074	0.0853961	0.292682	0.240336
1477010461400000	-24.0027	-7.0899	4.76181	2.41017	-0.50293	L	2.08901	-23.9384	-7.26171	-24.0132	-7.06336	-3.43189	3.35916	2.3669	-0.548437	0.0657204	0.0852915	0.292343	0.24019
1477010461450000	-24.1704	-6.90754	4.76834	2.37143	-0.524489	R	1.97071	-24.3577	-5.94086	-24.1825	-6.89307	-3.33801	3.45149	2.33948	-0.548915	0.0656346	0.0851795	0.291981	0.239963
1477010461500000	-24.332	-6.65454	4.84863	2.31471	-0.556099	L	3.2361	-24.2574	-6.4352	-24.347	-6.71823	-3.24166	3.54138	2.31204	-0.549305	0.0655507	0.0851288	0.291595	0.239643
1477010461550000	-24.4993	-6.47787	4.8426	2.28195	-0.572828	R	3.48688	-24.788	-7.18367	-24.5066	-6.53896	-3.14289	3.62873	2.28457	-0.549609	0.0654636	0.0850733	0.291205	0.23933
1477010461600000	-24.5973	-6.33862	4.73236	2.25505	-0.573658	L	5.30555	-24.3008	-6.43799	-24.6612	-6.35538	-3.0418	3.71347	2.25709	-0.549826	0.0654594	0.0849636	0.290826	0.239021
1477010461650000	-24.7381	-6.14969	4.7306	2.224	-0.576002	R	0.306945	-24.6108	-6.00878	-24.8107	-6.16764	-2.93846	3.79553	2.2296	-0.549957	0.0654797	0.084855	0.290455	0.238709
1477010461700000	-24.9209	-5.94496	4.78909	2.20112	-0.568084	L	2.71859	-25.146	-5.91902	-24.955	-5.97587	-2.83295	3.87484	2.2021	-0.55	0.0654161	0.0847568	0.290068	0.238391
1477010461750000	-25.0518	-5.74019	4.79552	2.17049	-0.566677	R	1.85512	-24.8975	-5.02285	-25.094	-5.7802	-2.72537	3.95132	2.1746	-0.549957	0.0653653	0.0846692	0.289684	0.238074
1477010461800000	-25.1844	-5.56863	4.76156	2.15021	-0.558834	L	0.348935	-25.1941	-5.64372	-25.2276	-5.58079	-2.61581	4.02492	2.1471	-0.549826	0.0653163	0.0845592	0.2893	0.237767
1477010461850000	-25.3379	-5.38322	4.77351	2.14435	-0.518424	R	1.32673	-25.5328	-5.4399	-25.3556	-5.37777	-2.50435	4.09557	2.11961	-0.549609	0.0652362	0.0844477	0.28895	0.237494
1477010461900000	-25.482	-5.15867	4.81707	2.1173	-0.518589	L	0.620126	-25.5713	-5.10241	-25.4779	-5.1713	-2.39109	4.16322	2.09213	-0.549305	0.0651504	0.0843387	0.288627	0.237193
1477010461950000	-25.6136	-4.98153	4.79515	2.11452	-0.474563	R	6.36298	-25.0178	-6.55904	-25.5946	-4.96152	-2.27613	4.22781	2.06467	-0.548915	0.0650719	0.0842339	0.288438	0.236966
1477010462000000	-25.7277	-4.80919	4.74474	2.0972	-0.468757	L	0.561624	-25.6952	-4.89995	-25.7055	-4.7486	-2.15956	4.2893	2.03722	-0.548437	0.0649964	0.0841806	0.288288	0.236849
1477010462050000	-25.8486	-4.60349	4.75022	2.07907	-0.456929	R	0.21263	-25.8162	-4.40681	-25.8105	-4.53268	-2.04149	4.34764	2.0098	-0.547873	0.0649405	0.0841483	0.288242	0.236755
1477010462100000	-25.961	-4.36021	4.79569	2.04785	-0.465126	L	0.537721	-25.9516	-4.26659	-25.9096	-4.31392	-1.92202	4.40279	1.98241	-0.547223	0.0649088	0.0840717	0.288221	0.236558
1477010462150000	-26.07	-4.13914	4.79359	2.00343	-0.519099	R	11.1242	-26.8953	-4.43966	-26.0027	-4.0925	-1.80125	4.45471	1.95504	-0.546486	0.0649151	0.0839959	0.288042	0.236308
1477010462200000	-26.1613	-3.85513	4.87802	1.96118	-0.535167	L	2.01048	-26.1198	-3.67723	-26.0897	-3.86856	-1.67928	4.50337	1.92772	-0.545663	0.0649334	0.0838895	0.287809	0.236001
1477010462250000	-26.2352	-3.61752	4.87608	1.90935	-0.590044	R	3.52782	-26.5652	-3.85723	-26.1706	-3.64227	-1.55623	4.54875	1.90044	-0.544754	0.0649325	0.0837902	0.287454	0.23571
1477010462300000	-26.2638	-3.35045	4.89518	1.85731	-0.613687	L	4.37253	-25.9974	-3.24722	-26.2453	-3.41381	-1.4322	4.59081	1.8732	-0.543759	0.0648554	0.0837439	0.287094	0.235465
1477010462350000	-26.3135	-3.10582	4.89795	1.81149	-0.643051	R	0.482921	-26.2976	-3.01078	-26.3138	-3.18332	-1.30729	4.62954	1.84601	-0.542677	0.0647717	0.0837284	0.286811	0.23525
1477010462400000	-26.3375	-2.87074	4.87593	1.76999	-0.653545	L	1.41133	-26.1741	-2.87885	-26.376	-2.95098	-1.18162	4.66493	1.81888	-0.54151	0.0647179	0.0837196	0.286653	0.235019
1477010462450000	-26.3957	-2.6443	4.86334	1.74815	-0.635771	R	1.43702	-26.4681	-3.44967	-26.4319	-2.71697	-1.05529	4.69696	1.7918	-0.540258	0.0646608	0.0836931	0.286459	0.234762
1477010462500000	-26.4717	-2.49066	4.754	1.74051	-0.613844	L	5.83142	-26.674	-2.73852	-26.4815	-2.48143	-0.928411	4.72562	1.76479	-0.53892	0.06458	0.0835874	0.286163	0.234471
1477010462550000	-26.5272	-2.25562	4.76188	1.7244	-0.585104	R	1.02033	-26.657	-1.72382	-26.5247	-2.24456	-0.80109	4.75091	1.73784	-0.537498	0.0644977	0.0834825	0.285821	0.234182
1477010462600000	-26.5771	-2.05939	4.70971	1.70539	-0.575908	L	1.22254	-26.6691	-2.17333	-26.5616	-2.0065	-0.673434	4.77284	1.71097	-0.53599	0.0644203	0.0834189	0.285465	0.233945
1477010462650000	-26.6082	-1.82316	4.71349	1.68629	-0.551094	R	2.00478	-26.3248	-1.32261	-26.5921	-1.76744	-0.545553	4.79141	1.68417	-0.534397	0.0643436	0.0833603	0.285103	0.233713
1477010462700000	-26.6061	-1.57441	4.72656	1.64827	-0.561794	L	1.12577	-26.4671	-1.53207	-26.6161	-1.52753	-0.417552	4.80664	1.65745	-0.532721	0.0642641	0.0832881	0.284754	0.233465
1477010462750000	-26.6032	-1.34445	4.71458	1.60586	-0.590886	R	1.67327	-26.4998	-2.19526	-26.6338	-1.28695	-0.289538	4.81852	1.63081	-0.53096	0.0642014	0.0832331	0.284462	0.233232
1477010462800000	-26.6066	-1.11763	4.70088	1.57645	-0.5911	L	0.0402955	-26.5998	-1.14277	-26.6451	-1.04586	-0.161616	4.8271	1.60426	-0.529115	0.0641496	0.0832062	0.284185	0.233024
1477010462850000	-26.636	-0.893046	4.69085	1.5617	-0.571214	R	5.16177	-27.2008	-1.67679	-26.65	-0.804425	-0.0338883	4.83238	1.57781	-0.527187	0.0640728	0.0832202	0.283853	0.23284
1477010462900000	-26.6471	-0.642425	4.71915	1.53841	-0.564894	L	0.544883	-26.7355	-0.59539	-26.6485	-0.562811	0.0935412	4.83439	1.55145	-0.525176	0.0639925	0.0832114	0.283513	0.232622
1477010462950000	-26.6344	-0.400838	4.73268	1.50007	-0.590223	R	2.25092	-26.9891	0.0351487	-26.6406	-0.321181	0.220572	4.83317	1.52519	-0.523081	0.0639132	0.0832027	0.283216	0.232399
1477010463000000	-26.589	-0.10729	4.81952	1.45993	-0.599221	L	2.62293	-26.4553	0.0602653	-26.6264	-0.0796947	0.347104	4.82874	1.49904	-0.520904	0.0638608	0.0831103	0.283015	0.232117
1477010463050000	-26.5696	0.131978	4.82311	1.43068	-0.603735	R	2.75443	-26.9537	0.136943	-26.6059	0.161489	0.473041	4.82116	1.47299	-0.518645	0.0638071	0.0830199	0.28284	0.231839
1477010463100000	-26.5461	0.423193	4.90596	1.40555	-0.59619	L	1.68545	-26.6201	0.57588	-26.5792	0.402213	0.598287	4.81045	1.44706	-0.516304	0.0637492	0.0829234	0.28268	0.231556
1477010463150000	-26.534	0.661321	4.89369	1.39735	-0.557345	R	1.79508	-26.8241	0.381506	-26.5462	0.642323	0.722748	4.79667	1.42124	-0.513881	0.0636731	0.0828261	0.282395	0.231272
1477010463200000	-26.5265	0.942385	4.95554	1.3842	-0.540332	L	3.00826	-26.7293	1.06082	-26.5069	0.881666	0.846334	4.77986	1.39555	-0.511377	0.0636019	0.0827788	0.282069	0.23103
1477010463250000	-26.4888	1.20149	4.96921	1.3779	-0.49157	R	7.10835	-25.9562	2.60409	-26.4616	1.12009	0.968955	4.76007	1.36998	-0.508793	0.0635379	0.0827754	0.281723	0.230818
1477010463300000	-26.432	1.43888	4.96098	1.35086	-0.494318	L	0.0754298	-26.3986	1.42212	-26.4101	1.35745	1.09053	4.73737	1.34454	-0.506127	0.063469	0.0827721	0.281377	0.230592
1477010463350000	-26.3932	1.65814	4.91941	1.33882	-0.469822	R	8.35482	-26.5072	-0.563928	-26.3526	1.59361	1.21096	4.71181	1.31923	-0.503383	0.063423	0.0827324	0.28106	0.23034
1477010463400000	-26.3383	1.86987	4.87744	1.3154	-0.470603	L	0.377107	-26.3594	1.79315	-26.2891	1.82841	1.33018	4.68345	1.29407	-0.500558	0.0633922	0.0826566	0.280758	0.230065
1477010463450000	-26.2702	2.10123	4.87504	1.28691	-0.481561	R	0.241488	-26.3475	1.82827	-26.2197	2.06173	1.44811	4.65235	1.26904	-0.497655	0.0633639	0.0825788	0.280445	0.229788
1477010463500000	-26.208	2.2954	4.81367	1.26318	-0.482328	L	0.830247	-26.2502	2.18481	-26.1444	2.29342	1.56467	4.61859	1.24416	-0.494673	0.0633645	0.0824783	0.280153	0.229513
1477010463550000	-26.1453	2.52329	4.80179	1.25246	-0.453434	R	0.774931	-26.069	2.27896	-26.0633	2.52336	1.67979	4.58223	1.21942	-0.491613	0.0634164	0.0823781	0.279949	0.229237
1477010463600000	-26.0667	2.76499	4.82435	1.23075	-0.452017	L	0.10627	-26.0641	2.80701	-25.9765	2.75141	1.79339	4.54334	1.19484	-0.488475	0.0634952	0.0822811	0.279757	0.22896
1477010463650000	-25.9716	2.98783	4.8359	1.18886	-0.496761	R	2.90745	-26.3234	3.02388	-25.8841	2.97746	1.90543	4.502	1.17042	-0.48526	0.0635643	0.0821832	0.279464	0.228684
1477010463700000	-25.8702	3.26536	4.92077	1.1667	-0.492426	L	1.50819	-25.8345	3.42005	-25.7861	3.20139	2.01582	4.45828	1.14615	-0.481969	0.063622	0.0821442	0.279156	0.228431
1477010463750000	-25.7872	3.49511	4.92322	1.14729	-0.488575	R	2.13785	-26.1824	3.73376	-25.6826	3.42306	2.12452	4.41227	1.12206	-0.478601	0.0637522	0.0821214	0.278864	0.228187
1477010463800000	-25.6815	3.69677	4.89212	1.11959	-0.492624	L	0.238807	-25.6666	3.63509	-25.5737	3.64239	2.23146	4.36404	1.09813	-0.475158	0.063894	0.0820661	0.278571	0.227921
1477010463850000	-25.5647	3.90476	4.88211	1.08861	-0.503537	R	1.13758	-25.5773	3.13316	-25.4596	3.85924	2.3366	4.31367	1.07437	-0.47164	0.0640244	0.0819981	0.278261	0.227649
1477010463900000	-25.4977	4.08546	4.81007	1.07492	-0.492921	L	3.81334	-25.7492	3.99968	-25.3402	4.07353	2.43989	4.26125	1.05079	-0.468047	0.0644094	0.0819023	0.278027	0.227382
1477010463950000	-25.3746	4.28771	4.80341	1.04568	-0.500168	R	0.609343	-25.3516	3.75691	-25.2157	4.28514	2.54127	4.20686	1.02738	-0.46438	0.0647978	0.0818048	0.277771	0.227125
1477010464000000	-25.2148	4.50528	4.83873	1.01037	-0.510315	L	2.01411	-25.0214	4.52803	-25.0863	4.49399	2.64071	4.15058	1.00417	-0.46064	0.0650235	0.0817094	0.277462	0.226869
1477010464050000	-25.0645	4.70183	4.82713	0.986385	-0.493934	R	8.94943	-24.2719	4.30917	-24.9518	4.69998	2.73817	4.09251	0.981133	-0.456828	0.0651776	0.0816126	0.277157	0.226623
1477010464100000	-24.9462	4.89582	4.80941	0.966214	-0.489538	L	0.437613	-25.0363	4.88499	-24.8126	4.90303	2.83361	4.03273	0.958291	-0.452943	0.0654238	0.0815168	0.276871	0.226385
1477010464150000	-24.7902	5.08684	4.81115	0.936316	-0.493588	R	2.30883	-24.3609	4.95947	-24.6686	5.10304	2.92701	3.97132	0.935644	-0.448987	0.0656126	0.0814245	0.276569	0.226167
1477010464200000	-24.6221	5.30004	4.85555	0.908591	-0.495757	L	0.914631	-24.5041	5.35293	-24.5201	5.29995	3.01833	3.90839	0.913195	-0.444959	0.0657218	0.0813286	0.276248	0.225933
1477010464250000	-24.4501	5.47817	4.86948	0.865083	-0.53198	R	0.931256	-24.4379	5.24592	-24.367	5.49367	3.10754	3.84401	0.890947	-0.440862	0.065768	0.0812366	0.275934	0.225766
1477010464300000	-24.2631	5.65064	4.87379	0.827973	-0.543094	L	1.2255	-24.1159	5.61152	-24.2095	5.68414	3.19464	3.77827	0.868904	-0.436695	0.0657422	0.0811576	0.275655	0.225686
1477010464350000	-24.0975	5.81221	4.86305	0.791694	-0.563095	R	3.19875	-24.5638	4.75836	-24.0477	5.8713	3.27959	3.71127	0.847069	-0.432459	0.0657093	0.081113	0.275413	0.225748
1477010464400000	-23.9236	5.97251	4.8503	0.760793	-0.566408	L	0.0530866	-23.9153	5.94377	-23.8818	6.05508	3.36239	3.64309	0.825446	-0.428154	0.0656637	0.0811165	0.275188	0.225946
1477010464450000	-23.78	6.15865	4.80386	0.769807	-0.490284	R	4.75065	-23.5491	6.44495	-23.7117	6.23542	3.44302	3.57383	0.804038	-0.423782	0.0656698	0.0811066	0.274868	0.225956
1477010464500000	-23.6127	6.3142	4.78612	0.744743	-0.491415	L	0.0968981	-23.6471	6.29102	-23.5377	6.41227	3.52148	3.50357	0.782849	-0.419343	0.0656931	0.0811501	0.274549	0.22604
1477010464550000	-23.4639	6.48855	4.76034	0.741421	-0.45361	R	1.82334	-23.7544	6.53746	-23.3598	6.58559	3.59775	3.4324	0.761882	-0.414838	0.0658079	0.0811904	0.274263	0.226021
1477010464600000	-23.2393	6.71024	4.87883	0.723818	-0.444805	L	4.26881	-23.0099	6.86182	-23.1781	6.75533	3.67185	3.36041	0.74114	-0.410268	0.0657976	0.0811256	0.273947	0.225846
1477010464650000	-23.0441	6.85224	4.85849	0.698225	-0.441366	R	5.54921	-22.7862	5.74143	-22.9928	6.92146	3.74376	3.28768	0.720627	-0.405632	0.0657678	0.0811001	0.273633	0.225723
1477010464700000	-22.8305	7.02484	4.9044	0.674928	-0.44155	L	1.01549	-22.6991	7.063	-22.804	7.08393	3.8135	3.21431	0.700345	-0.400933	0.0657045	0.0810564	0.27332	0.225578
1477010464750000	-22.6185	7.15982	4.91306	0.638692	-0.464057	R	1.5297	-22.418	6.76159	-22.6117	7.24273	3.88106	3.14038	0.680299	-0.39617	0.0656299	0.0810607	0.273023	0.225547
1477010464800000	-22.4336	7.30507	4.90102	0.619184	-0.460373	L	0.298948	-22.5083	7.31524	-22.4161	7.39782	3.94647	3.06598	0.66049	-0.391345	0.0655601	0.0810893	0.272719	0.225538
1477010464850000	-22.2043	7.43119	4.94862	0.569992	-0.512775	R	2.5517	-22.0543	7.85452	-22.2173	7.54917	4.00974	2.99118	0.640923	-0.386458	0.0654882	0.0811927	0.27251	0.225801
1477010464900000	-22.0231	7.59355	4.95406	0.560944	-0.494761	L	2.12372	-22.1947	7.69478	-22.0154	7.69679	4.07087	2.91607	0.6216	-0.381509	0.0654146	0.0812497	0.272264	0.225941
1477010464950000	-21.8391	7.76439	4.93844	0.56877	-0.438179	R	5.78185	-21.6178	9.0351	-21.8105	7.84064	4.12989	2.84074	0.602525	-0.376501	0.0653544	0.0812386	0.271958	0.225849
1477010465000000	-21.6314	7.90705	4.94931	0.551178	-0.433225	L	0.0780301	-21.6473	7.94	-21.6026	7.98072	4.18681	2.76526	0.583699	-0.371433	0.0652947	0.0812223	0.271653	0.225743
1477010465050000	-21.4407	8.04212	4.92362	0.541181	-0.413541	R	1.64632	-21.8637	7.78661	-21.392	8.11703	4.24166	2.68971	0.565128	-0.366307	0.0652619	0.0812086	0.271348	0.225606
1477010465100000	-21.2153	8.07822	4.8487	0.487673	-0.450852	L	4.48497	-21.0853	7.83229	-21.1787	8.24957	4.29447	2.61417	0.546812	-0.361122	0.0652114	0.0815244	0.271042	0.225937
1477010465150000	-21.0238	8.23353	4.81776	0.502897	-0.380622	R	6.33996	-20.5503	9.28616	-20.9628	8.37833	4.34526	2.53871	0.528756	-0.355881	0.0652023	0.0817219	0.2708	0.225916
1477010465200000	-20.8455	8.38534	4.81656	0.50359	-0.359032	L	3.09972	-21.0519	8.50983	-20.7444	8.50333	4.39406	2.46341	0.510962	-0.350583	0.0653047	0.0818215	0.270624	0.225759
1477010465250000	-20.604	8.49618	4.86956	0.469491	-0.390818	R	4.41461	-19.9265	9.40847	-20.5237	8.62457	4.4409	2.38835	0.493433	-0.34523	0.0653421	0.0819555	0.27036	0.225676
1477010465300000	-20.3548	8.63356	4.93277	0.454825	-0.384257	L	1.34232	-20.21	8.68914	-20.3006	8.74206	4.48582	2.31358	0.476172	-0.339823	0.0653192	0.0820244	0.27007	0.22553
1477010465350000	-20.1561	8.76578	4.89592	0.462414	-0.334207	R	1.83363	-20.2277	8.8532	-20.0753	8.85583	4.52884	2.23919	0.459181	-0.334362	0.0653577	0.0820432	0.269858	0.225293
1477010465400000	-19.9572	8.86706	4.86599	0.447039	-0.33328	L	0.597947	-20.0633	8.86724	-19.848	8.96589	4.57001	2.16524	0.442462	-0.328848	0.0654881	0.0820844	0.269694	0.225061
1477010465450000	-19.7576	8.98769	4.83005	0.451201	-0.293318	R	1.4026	-19.9264	8.78179	-19.6186	9.07227	4.60937	2.09179	0.42602	-0.323282	0.0657427	0.0820901	0.269679	0.224812
1477010465500000	-19.5356	9.05906	4.80682	0.423897	-0.307494	L	0.630815	-19.4861	8.96665	-19.3873	9.17499	4.64694	2.01891	0.409856	-0.317665	0.0660401	0.0821805	0.26967	0.224571
1477010465550000	-19.2954	9.16652	4.85103	0.404932	-0.317354	R	4.44536	-18.5719	10.2069	-19.1542	9.27409	4.68278	1.94666	0.393973	-0.311998	0.0663005	0.0822454	0.269578	0.224329
1477010465600000	-19.0096	9.25707	4.92405	0.378224	-0.328157	L	5.98422	-18.6786	9.19191	-18.9193	9.36959	4.71692	1.8751	0.378373	-0.306282	0.0663632	0.0823244	0.269361	0.224097
1477010465650000	-18.7924	9.34093	4.90872	0.36015	-0.332617	R	1.68421	-19.2825	8.98189	-18.6827	9.46154	4.7494	1.80429	0.363059	-0.300517	0.0664897	0.0824283	0.269163	0.223877
1477010465700000	-18.5375	9.44309	4.95354	0.346667	-0.328462	L	0.744119	-18.4242	9.46852	-18.4446	9.54996	4.78028	1.73429	0.348033	-0.294705	0.0665592	0.08249	0.268928	0.223644
1477010465750000	-18.2721	9.47296	4.99322	0.29022	-0.396628	R	5.81955	-18.1634	8.72444	-18.2049	9.63492	4.80959	1.66514	0.333298	-0.288846	0.0665606	0.0827478	0.268635	0.223672
1477010465800000	-17.9807	9.60356	5.10524	0.287557	-0.375808	L	3.36628	-17.7736	9.72478	-17.9639	9.71643	4.83737	1.59691	0.318855	-0.282942	0.0664924	0.0828257	0.268355	0.223536
1477010465850000	-17.7354	9.69626	5.09208	0.288153	-0.337434	R	2.86864	-17.2296	9.97767	-17.7214	9.79457	4.86368	1.52964	0.304708	-0.276993	0.066423	0.0828626	0.268063	0.223325
1477010465900000	-17.4605	9.80498	5.15851	0.28285	-0.323424	L	1.1531	-17.3436	9.88109	-17.4777	9.86936	4.88856	1.46338	0.290859	-0.271	0.0663555	0.0828268	0.267788	0.223085
1477010465950000	-17.2122	9.88221	5.16675	0.268421	-0.323078	R	0.449305	-17.1554	10.212	-17.2328	9.94087	4.91205	1.39818	0.277309	-0.264964	0.0662903	0.082782	0.267517	0.222846
1477010466000000	-16.9403	10.0062	5.23508	0.272413	-0.299719	L	1.3869	-16.8876	10.145	-16.9868	10.0091	4.93421	1.33408	0.26406	-0.258887	0.0662537	0.0826922	0.267274	0.222631
1477010466050000	-16.6848	10.0739	5.23943	0.256498	-0.301173	R	0.0580628	-16.5958	10.1078	-16.7396	10.0743	4.95507	1.27113	0.251116	-0.252769	0.0662311	0.0826027	0.267036	0.222406
1477010466100000	-16.4371	10.1805	5.25886	0.258237	-0.282479	L	1.26708	-16.5153	10.3091	-16.4915	10.1362	4.97469	1.20937	0.238478	-0.246611	0.0662078	0.0825391	0.266796	0.222253
1477010466150000	-16.1795	10.2495	5.27256	0.242393	-0.288764	R	0.528694	-16.09	10.5824	-16.2424	10.1952	4.99311	1.14883	0.226147	-0.240414	0.0662008	0.0824886	0.266572	0.222079
1477010466200000	-15.9447	10.2726	5.22018	0.214964	-0.303657	L	0.722004	-16.006	10.1843	-15.9924	10.2511	5.01039	1.08956	0.214126	-0.234179	0.0661666	0.0824059	0.266318	0.221843
1477010466250000	-15.6962	10.3393	5.20654	0.209804	-0.285352	R	0.276767	-15.7234	10.41	-15.7416	10.3041	5.02655	1.03159	0.202417	-0.227907	0.066129	0.0823335	0.266049	0.221618
1477010466300000	-15.4754	10.3311	5.12489	0.174618	-0.309475	L	1.79876	-15.5699	10.1904	-15.4899	10.3543	5.04166	0.974957	0.191022	-0.221599	0.0660616	0.0822523	0.265764	0.221416
1477010466350000	-15.1802	10.3544	5.21165	0.135532	-0.356299	R	7.78893	-14.2385	10.9109	-15.2376	10.4016	5.05576	0.919692	0.179942	-0.215255	0.0660443	0.0821933	0.265527	0.221403
1477010466400000	-14.9197	10.409	5.22631	0.126007	-0.346841	L	0.248743	-14.9365	10.4722	-14.9846	10.4462	5.06889	0.865828	0.169179	-0.208879	0.0660418	0.0821237	0.265298	0.221378
1477010466450000	-14.6755	10.4464	5.15979	0.128025	-0.299868	R	6.55073	-14.724	9.63507	-14.7309	10.4882	5.0811	0.813394	0.158735	-0.202468	0.0660209	0.082059	0.265021	0.221257
1477010466500000	-14.4328	10.411	5.10873	0.0873044	-0.329654	L	2.15774	-14.4088	10.222	-14.4766	10.5276	5.09243	0.762418	0.148612	-0.196027	0.0659817	0.0821477	0.26474	0.221504
1477010466550000	-14.1724	10.4368	5.11251	0.0750254	-0.321164	R	0.573457	-13.9005	10.5238	-14.2218	10.5645	5.10293	0.712926	0.138811	-0.189554	0.0659511	0.0822707	0.264459	0.221789
1477010466600000	-13.8669	10.5875	5.2418	0.11119	-0.259486	L	7.86125	-13.8049	10.9383	-13.9665	10.5989	5.11263	0.664944	0.129333	-0.183051	0.0660404	0.0821854	0.264217	0.221588
1477010466650000	-13.6107	10.6514	5.21489	0.126527	-0.206301	R	2.13802	-13.3956	10.7857	-13.7107	10.631	5.12159	0.618496	0.120181	-0.176519	0.0661304	0.082104	0.263949	0.221361
1477010466700000	-13.361	10.649	5.18804	0.102768	-0.221848	L	0.567613	-13.3556	10.5517	-13.4545	10.6608	5.12983	0.573603	0.111355	-0.169959	0.0662	0.0820193	0.263675	0.221136
1477010466750000	-13.0974	10.6752	5.19986	0.0906549	-0.22487	R	0.205685	-12.9374	10.8137	-13.1979	10.6884	5.13741	0.530288	0.102857	-0.163373	0.0662906	0.0819354	0.263404	0.220921
1477010466800000	-12.842	10.7692	5.22438	0.108071	-0.192422	L	3.96959	-12.9591	11.0099	-12.9409	10.7138	5.14436	0.48857	0.0946879	-0.156761	0.0663759	0.0818886	0.263138	0.220716
1477010466850000	-12.5762	10.8216	5.23324	0.112543	-0.170092	R	1.39067	-12.2518	11.2495	-12.6836	10.7373	5.15071	0.448467	0.0868499	-0.150124	0.0664882	0.0818937	0.262872	0.220577
1477010466900000	-12.3419	10.7866	5.17158	0.0795592	-0.19783	L	1.97161	-12.3713	10.6091	-12.426	10.7587	5.15651	0.409997	0.0793437	-0.143463	0.0665298	0.0818182	0.262598	0.220346
1477010466950000	-12.0842	10.8252	5.16176	0.083981	-0.171294	R	0.611922	-11.9352	10.9161	-12.1681	10.7783	5.16179	0.373177	0.0721706	-0.136779	0.0665706	0.081761	0.262325	0.220134
1477010467000000	-11.8373	10.8887	5.16382	0.0924131	-0.152331	L	2.05207	-11.9451	11.0515	-11.91	10.7961	5.16658	0.338022	0.0653316	-0.130074	0.0665839	0.0817852	0.262055	0.219995
1477010467050000	-11.5602	10.9099	5.19277	0.083588	-0.153865	R	2.64597	-10.9703	10.9676	-11.6516	10.8121	5.17092	0.304546	0.0588279	-0.123349	0.066645	0.0818215	0.261783	0.219845
1477010467100000	-11.3312	10.9235	5.14757	0.0734742	-0.15675	L	0.849742	-11.4548	10.9407	-11.393	10.8265	5.17484	0.272761	0.0526604	-0.116604	0.0666354	0.0818559	0.261518	0.21967
1477010467150000	-11.0674	10.8551	5.19675	0.00167988	-0.274952	R	9.68053	-11.3472	10.5111	-11.1342	10.8394	5.17836	0.242681	0.0468302	-0.10984	0.0666357	0.0817744	0.261249	0.2197
1477010467200000	-10.777	10.8268	5.2322	-0.0227154	-0.28646	L	2.72259	-10.6009	10.6823	-10.8753	10.8509	5.18153	0.214317	0.0413382	-0.10306	0.0667163	0.0816973	0.26099	0.219994
1477010467250000	-10.5215	10.8232	5.22159	-0.0341907	-0.281397	R	0.181366	-10.6563	10.8369	-10.6161	10.8609	5.18435	0.187679	0.0361852	-0.0962627	0.0667859	0.0816312	0.260726	0.220395
1477010467300000	-10.2882	10.8172	5.18316	-0.0467798	-0.280202	L	1.01775	-10.4142	10.8747	-10.3569	10.8697	5.18687	0.162776	0.0313721	-0.0894504	0.06679	0.081582	0.260458	0.220932
1477010467350000	-10.0389	10.8733	5.12435	-0.0107789	-0.188295	R	6.67107	-9.90413	11.2255	-10.0976	10.8772	5.1891	0.139618	0.0268996	-0.0826241	0.0667742	0.0814985	0.260208	0.220882
1477010467400000	-9.77854	10.9198	5.14417	-0.000158849	-0.165421	L	2.03346	-9.83445	11.1032	-9.83809	10.8837	5.19106	0.118212	0.0227684	-0.0757847	0.0667603	0.0814315	0.25995	0.220722
1477010467450000	-9.5469	10.9011	5.09765	-0.0139932	-0.168967	R	4.00659	-10.195	10.3498	-9.57852	10.8891	5.19278	0.0985664	0.0189791	-0.0689333	0.0667074	0.0813502	0.259721	0.22063
1477010467500000	-9.28657	10.9266	5.11358	-0.0105191	-0.155518	L	0.677281	-9.3066	11.0348	-9.31887	10.8936	5.19428	0.0806865	0.0155325	-0.062071	0.0666554	0.0812809	0.259482	0.220489
1477010467550000	-9.04024	10.9076	5.08702	-0.0204442	-0.151608	R	2.65211	-9.2226	10.3527	-9.05915	10.8972	5.19557	0.0645787	0.0124289	-0.0551989	0.0665931	0.0811996	0.259265	0.220396
1477010467600000	-8.77639	10.9383	5.11023	-0.0134297	-0.135285	L	0.996284	-8.78899	11.0707	-8.79937	10.9001	5.19667	0.050248	0.00966898	-0.0483182	0.0665335	0.0811355	0.259032	0.220237
1477010467650000	-8.53608	10.896	5.07703	-0.0345837	-0.149889	R	6.44314	-8.83914	10.0319	-8.53953	10.9023	5.19759	0.0376992	0.00725307	-0.0414297	0.0664663	0.0810538	0.258829	0.220223
1477010467700000	-8.36824	10.8177	4.93422	-0.0711528	-0.182448	L	5.4131	-8.62045	10.6577	-8.27965	10.9039	5.19835	0.0269359	0.00518158	-0.0345348	0.0665184	0.0810646	0.258866	0.220655
1477010467750000	-8.11668	10.8309	4.93028	-0.0599619	-0.147808	R	1.47529	-7.91543	11.1157	-8.01974	10.905	5.19896	0.0179617	0.00345484	-0.0276344	0.0665938	0.0810512	0.258905	0.220881
1477010467800000	-7.78434	10.8747	5.07101	-0.040882	-0.117575	L	5.16486	-7.51971	11.0005	-7.75979	10.9057	5.19942	0.0107791	0.00207312	-0.0207296	0.0665359	0.0809816	0.258713	0.220875
1477010467850000	-7.52168	10.876	5.06914	-0.0320307	-0.0864701	R	2.06659	-7.25987	10.6458	-7.49981	10.9061	5.19975	0.00539029	0.00103664	-0.0138215	0.0664762	0.0809115	0.258522	0.220781
1477010467900000	-7.24718	10.8631	5.10041	-0.0372795	-0.0874227	L	0.565602	-7.15631	10.815	-7.23983	10.9063	5.19994	0.00179692	0.000345566	-0.00691132	0.0664104	0.0808535	0.258304	0.220727
